1.000000e-08 -1.000000e-05 
1.000012e-08 -1.000012e-05 
1.000036e-08 -1.000036e-05 
1.000084e-08 -1.000084e-05 
1.000180e-08 -1.000180e-05 
1.000372e-08 -1.000372e-05 
1.000756e-08 -1.000756e-05 
1.001524e-08 -1.001524e-05 
1.003060e-08 -1.003060e-05 
1.006132e-08 -1.006132e-05 
1.012276e-08 -1.012276e-05 
1.024564e-08 -1.024564e-05 
1.049140e-08 -1.049140e-05 
1.098292e-08 -1.098291e-05 
1.196596e-08 -1.196594e-05 
1.212611e-08 -1.212609e-05 
1.229607e-08 -1.229604e-05 
1.247281e-08 -1.247278e-05 
1.261477e-08 -1.261474e-05 
1.273894e-08 -1.273891e-05 
1.286848e-08 -1.286845e-05 
1.300012e-08 -1.300009e-05 
1.300318e-08 -1.300312e-05 
1.300929e-08 -1.300913e-05 
1.302152e-08 -1.302083e-05 
1.304598e-08 -1.304304e-05 
1.309489e-08 -1.308269e-05 
1.319271e-08 -1.314283e-05 
1.338836e-08 -1.318656e-05 
1.377966e-08 -1.296778e-05 
1.379652e-08 -1.295779e-05 
1.383025e-08 -1.293552e-05 
1.387061e-08 -1.290561e-05 
1.390849e-08 -1.287467e-05 
1.394463e-08 -1.284254e-05 
1.401692e-08 -1.277026e-05 
1.403560e-08 -1.275157e-05 
1.406751e-08 -1.271966e-05 
1.413135e-08 -1.265582e-05 
1.425901e-08 -1.252816e-05 
1.451434e-08 -1.227282e-05 
1.502500e-08 -1.176215e-05 
1.604633e-08 -1.074082e-05 
1.808898e-08 -8.698149e-06 
2.217427e-08 -4.612819e-06 
3.034486e-08 3.557809e-06 
4.668604e-08 1.989893e-05 
7.936840e-08 5.258064e-05 
1.447331e-07 1.179419e-04 
2.754626e-07 2.486560e-04 
2.802555e-07 2.534477e-04 
2.853853e-07 2.585762e-04 
2.913556e-07 2.645450e-04 
2.961584e-07 2.693465e-04 
3.010458e-07 2.742325e-04 
3.071540e-07 2.803390e-04 
3.131207e-07 2.863042e-04 
3.189218e-07 2.921036e-04 
3.219576e-07 2.951385e-04 
3.247483e-07 2.979283e-04 
3.280757e-07 3.012548e-04 
3.323707e-07 3.055485e-04 
3.362823e-07 3.094589e-04 
3.409791e-07 3.141543e-04 
3.467521e-07 3.199254e-04 
3.506322e-07 3.238043e-04 
3.552905e-07 3.284610e-04 
3.596703e-07 3.328394e-04 
3.640066e-07 3.371743e-04 
3.674031e-07 3.405696e-04 
3.704384e-07 3.436039e-04 
3.736747e-07 3.468391e-04 
3.773025e-07 3.504656e-04 
3.811066e-07 3.542684e-04 
3.847626e-07 3.579231e-04 
3.882490e-07 3.614083e-04 
3.917441e-07 3.649021e-04 
3.953733e-07 3.685300e-04 
3.991183e-07 3.722736e-04 
4.028800e-07 3.760338e-04 
4.066069e-07 3.797594e-04 
4.103313e-07 3.834823e-04 
4.141051e-07 3.872547e-04 
4.179435e-07 3.910916e-04 
4.218234e-07 3.949700e-04 
4.257198e-07 3.988649e-04 
4.296318e-07 4.027753e-04 
4.335750e-07 4.067169e-04 
4.375603e-07 4.107006e-04 
4.415855e-07 4.147242e-04 
4.456422e-07 4.187792e-04 
4.497268e-07 4.228621e-04 
4.538424e-07 4.269759e-04 
4.579939e-07 4.311256e-04 
4.621826e-07 4.353125e-04 
4.664067e-07 4.395348e-04 
4.706643e-07 4.437905e-04 
4.749559e-07 4.480802e-04 
4.792830e-07 4.524054e-04 
4.836469e-07 4.567673e-04 
4.880477e-07 4.611661e-04 
4.924849e-07 4.656012e-04 
4.969584e-07 4.700727e-04 
5.014691e-07 4.745812e-04 
5.060174e-07 4.791274e-04 
5.106040e-07 4.837118e-04 
5.152288e-07 4.883344e-04 
5.198922e-07 4.929955e-04 
5.245944e-07 4.976953e-04 
5.293359e-07 5.024345e-04 
5.341172e-07 5.072134e-04 
5.389385e-07 5.120322e-04 
5.438002e-07 5.168914e-04 
5.487026e-07 5.217913e-04 
5.536461e-07 5.267323e-04 
5.586311e-07 5.317146e-04 
5.636580e-07 5.367389e-04 
5.687271e-07 5.418053e-04 
5.738389e-07 5.469142e-04 
5.789936e-07 5.520661e-04 
5.841917e-07 5.572614e-04 
5.894336e-07 5.625004e-04 
5.947197e-07 5.677834e-04 
6.000503e-07 5.731110e-04 
6.054259e-07 5.784835e-04 
6.108468e-07 5.839013e-04 
6.163135e-07 5.893648e-04 
6.218264e-07 5.948744e-04 
6.273858e-07 6.004306e-04 
6.329923e-07 6.060337e-04 
6.386462e-07 6.116842e-04 
6.443479e-07 6.173824e-04 
6.500979e-07 6.231289e-04 
6.558966e-07 6.289240e-04 
6.617445e-07 6.347681e-04 
6.676419e-07 6.406618e-04 
6.735893e-07 6.466054e-04 
6.795872e-07 6.525995e-04 
6.856360e-07 6.586443e-04 
6.917362e-07 6.647405e-04 
6.978882e-07 6.708884e-04 
7.040925e-07 6.770885e-04 
7.103495e-07 6.833412e-04 
7.166597e-07 6.896471e-04 
7.230236e-07 6.960066e-04 
7.294416e-07 7.024202e-04 
7.359143e-07 7.088884e-04 
7.424421e-07 7.154115e-04 
7.490255e-07 7.219902e-04 
7.556650e-07 7.286250e-04 
7.623612e-07 7.353162e-04 
7.691144e-07 7.420644e-04 
7.759252e-07 7.488702e-04 
7.827941e-07 7.557340e-04 
7.897217e-07 7.626563e-04 
7.967084e-07 7.696377e-04 
8.037547e-07 7.766786e-04 
8.108613e-07 7.837797e-04 
8.180286e-07 7.909413e-04 
8.252571e-07 7.981642e-04 
8.325475e-07 8.054487e-04 
8.399002e-07 8.127955e-04 
8.473158e-07 8.202050e-04 
8.547948e-07 8.276779e-04 
8.623378e-07 8.352147e-04 
8.699455e-07 8.428160e-04 
8.776182e-07 8.504823e-04 
8.853567e-07 8.582142e-04 
8.931615e-07 8.660123e-04 
9.010331e-07 8.738771e-04 
9.089722e-07 8.818093e-04 
9.169794e-07 8.898094e-04 
9.250552e-07 8.978780e-04 
9.332003e-07 9.060158e-04 
9.414152e-07 9.142233e-04 
9.497007e-07 9.225011e-04 
9.580572e-07 9.308500e-04 
9.664855e-07 9.392704e-04 
9.749861e-07 9.477630e-04 
9.835597e-07 9.563285e-04 
9.925544e-07 9.653146e-04 
1.000000e-06 9.727530e-04 
1.001799e-06 9.745502e-04 
1.005397e-06 9.781446e-04 
1.012255e-06 9.849956e-04 
1.025970e-06 9.986976e-04 
1.053401e-06 1.026101e-03 
1.108263e-06 1.080907e-03 
1.217987e-06 1.190512e-03 
1.437434e-06 1.409698e-03 
1.876330e-06 1.847975e-03 
1.895410e-06 1.867020e-03 
1.918504e-06 1.890071e-03 
1.949766e-06 1.921274e-03 
1.995455e-06 1.966875e-03 
2.000000e-06 1.971411e-03 
2.001437e-06 1.972845e-03 
2.004310e-06 1.975712e-03 
2.010056e-06 1.981447e-03 
2.021548e-06 1.992916e-03 
2.044532e-06 2.015855e-03 
2.090501e-06 2.061731e-03 
2.182438e-06 2.153478e-03 
2.366312e-06 2.336957e-03 
2.734061e-06 2.703846e-03 
3.469558e-06 3.437354e-03 
3.524737e-06 3.492344e-03 
3.577858e-06 3.545279e-03 
3.633681e-06 3.600905e-03 
3.669102e-06 3.636198e-03 
3.702790e-06 3.669763e-03 
3.740233e-06 3.707069e-03 
3.776200e-06 3.742902e-03 
3.809082e-06 3.775661e-03 
3.841286e-06 3.807744e-03 
3.875011e-06 3.841340e-03 
3.910527e-06 3.876720e-03 
3.946513e-06 3.912567e-03 
3.981892e-06 3.947807e-03 
4.016889e-06 3.982666e-03 
4.052298e-06 4.017934e-03 
4.088510e-06 4.054000e-03 
4.125290e-06 4.090631e-03 
4.162221e-06 4.127412e-03 
4.199192e-06 4.164230e-03 
4.236398e-06 4.201281e-03 
4.274039e-06 4.238763e-03 
4.312127e-06 4.276690e-03 
4.350543e-06 4.314942e-03 
4.389205e-06 4.353437e-03 
4.428137e-06 4.392200e-03 
4.467412e-06 4.431302e-03 
4.507062e-06 4.470777e-03 
4.547069e-06 4.510604e-03 
4.587399e-06 4.550753e-03 
4.628047e-06 4.591215e-03 
4.669033e-06 4.632013e-03 
4.710376e-06 4.673165e-03 
4.752081e-06 4.714675e-03 
4.794139e-06 4.756535e-03 
4.836546e-06 4.798740e-03 
4.879308e-06 4.841296e-03 
4.922433e-06 4.884213e-03 
4.965928e-06 4.927496e-03 
5.009793e-06 4.971145e-03 
5.054029e-06 5.015161e-03 
5.098639e-06 5.059546e-03 
5.143626e-06 5.104306e-03 
5.188996e-06 5.149445e-03 
5.234752e-06 5.194965e-03 
5.280897e-06 5.240870e-03 
5.327433e-06 5.287162e-03 
5.374364e-06 5.333845e-03 
5.421694e-06 5.380923e-03 
5.469426e-06 5.428398e-03 
5.517565e-06 5.476275e-03 
5.566112e-06 5.524557e-03 
5.615073e-06 5.573247e-03 
5.664449e-06 5.622348e-03 
5.714246e-06 5.671865e-03 
5.764466e-06 5.721801e-03 
5.815114e-06 5.772159e-03 
5.866193e-06 5.822943e-03 
5.917707e-06 5.874157e-03 
5.969659e-06 5.925804e-03 
6.022054e-06 5.977888e-03 
6.074895e-06 6.030413e-03 
6.128186e-06 6.083383e-03 
6.181932e-06 6.136801e-03 
6.236135e-06 6.190672e-03 
6.290800e-06 6.244999e-03 
6.345931e-06 6.299785e-03 
6.401532e-06 6.355036e-03 
6.457607e-06 6.410755e-03 
6.514160e-06 6.466945e-03 
6.571196e-06 6.523612e-03 
6.628717e-06 6.580759e-03 
6.686730e-06 6.638389e-03 
6.745237e-06 6.696508e-03 
6.804244e-06 6.755119e-03 
6.863753e-06 6.814227e-03 
6.923771e-06 6.873836e-03 
6.984301e-06 6.933950e-03 
7.045347e-06 6.994573e-03 
7.106915e-06 7.055710e-03 
7.169008e-06 7.117365e-03 
7.231631e-06 7.179542e-03 
7.294788e-06 7.242246e-03 
7.358485e-06 7.305482e-03 
7.422726e-06 7.369253e-03 
7.487515e-06 7.433565e-03 
7.552858e-06 7.498422e-03 
7.618758e-06 7.563828e-03 
7.685221e-06 7.629788e-03 
7.752252e-06 7.696308e-03 
7.819856e-06 7.763391e-03 
7.888037e-06 7.831043e-03 
7.956800e-06 7.899267e-03 
8.026151e-06 7.968070e-03 
8.096094e-06 8.037456e-03 
8.166634e-06 8.107429e-03 
8.237777e-06 8.177996e-03 
8.309528e-06 8.249160e-03 
8.381892e-06 8.320927e-03 
8.454874e-06 8.393302e-03 
8.528480e-06 8.466290e-03 
8.602715e-06 8.539896e-03 
8.677584e-06 8.614125e-03 
8.753092e-06 8.688984e-03 
8.829246e-06 8.764476e-03 
8.906050e-06 8.840607e-03 
8.983511e-06 8.917383e-03 
9.061633e-06 8.994808e-03 
9.140423e-06 9.072889e-03 
9.219886e-06 9.151632e-03 
9.300028e-06 9.231040e-03 
9.380855e-06 9.311121e-03 
9.462372e-06 9.391879e-03 
9.544586e-06 9.473321e-03 
9.627502e-06 9.555451e-03 
9.711127e-06 9.638277e-03 
9.795465e-06 9.721803e-03 
9.880525e-06 9.806035e-03 
9.966311e-06 9.890980e-03 
1.005283e-05 9.976643e-03 
1.014009e-05 1.006303e-02 
1.022809e-05 1.015015e-02 
1.031685e-05 1.023800e-02 
1.040636e-05 1.032660e-02 
1.049664e-05 1.041594e-02 
1.058769e-05 1.050604e-02 
1.067951e-05 1.059691e-02 
1.077212e-05 1.068854e-02 
1.086552e-05 1.078094e-02 
1.095972e-05 1.087412e-02 
1.105472e-05 1.096809e-02 
1.115054e-05 1.106285e-02 
1.124717e-05 1.115842e-02 
1.134463e-05 1.125479e-02 
1.144292e-05 1.135197e-02 
1.154204e-05 1.144997e-02 
1.164202e-05 1.154880e-02 
1.174285e-05 1.164846e-02 
1.184453e-05 1.174897e-02 
1.194709e-05 1.185032e-02 
1.205052e-05 1.195252e-02 
1.215483e-05 1.205559e-02 
1.226003e-05 1.215952e-02 
1.236613e-05 1.226433e-02 
1.247314e-05 1.237002e-02 
1.258106e-05 1.247661e-02 
1.268989e-05 1.258409e-02 
1.279966e-05 1.269247e-02 
1.291036e-05 1.280177e-02 
1.302201e-05 1.291199e-02 
1.313461e-05 1.302313e-02 
1.324816e-05 1.313521e-02 
1.336269e-05 1.324823e-02 
1.347819e-05 1.336220e-02 
1.359468e-05 1.347713e-02 
1.371215e-05 1.359302e-02 
1.383063e-05 1.370989e-02 
1.395012e-05 1.382774e-02 
1.407063e-05 1.394658e-02 
1.419216e-05 1.406642e-02 
1.431473e-05 1.418726e-02 
1.443834e-05 1.430912e-02 
1.456300e-05 1.443200e-02 
1.468873e-05 1.455591e-02 
1.481552e-05 1.468086e-02 
1.494340e-05 1.480686e-02 
1.507236e-05 1.493391e-02 
1.520242e-05 1.506203e-02 
1.533358e-05 1.519122e-02 
1.546586e-05 1.532149e-02 
1.559927e-05 1.545285e-02 
1.573381e-05 1.558531e-02 
1.586949e-05 1.571888e-02 
1.600633e-05 1.585357e-02 
1.614433e-05 1.598938e-02 
1.628351e-05 1.612633e-02 
1.642386e-05 1.626442e-02 
1.656541e-05 1.640367e-02 
1.670816e-05 1.654408e-02 
1.685213e-05 1.668566e-02 
1.699732e-05 1.682843e-02 
1.714373e-05 1.697238e-02 
1.729140e-05 1.711754e-02 
1.744031e-05 1.726390e-02 
1.759049e-05 1.741149e-02 
1.774195e-05 1.756031e-02 
1.789468e-05 1.771036e-02 
1.804872e-05 1.786167e-02 
1.820406e-05 1.801423e-02 
1.836072e-05 1.816807e-02 
1.851870e-05 1.832319e-02 
1.867803e-05 1.847959e-02 
1.883870e-05 1.863730e-02 
1.900074e-05 1.879631e-02 
1.916415e-05 1.895665e-02 
1.932894e-05 1.911832e-02 
1.949513e-05 1.928133e-02 
1.966272e-05 1.944569e-02 
1.983174e-05 1.961142e-02 
2.000218e-05 1.977852e-02 
2.017407e-05 1.994701e-02 
2.034741e-05 2.011689e-02 
2.052222e-05 2.028819e-02 
2.069850e-05 2.046089e-02 
2.087628e-05 2.063503e-02 
2.105556e-05 2.081061e-02 
2.123635e-05 2.098764e-02 
2.141867e-05 2.116614e-02 
2.160253e-05 2.134611e-02 
2.178795e-05 2.152756e-02 
2.197493e-05 2.171052e-02 
2.216348e-05 2.189498e-02 
2.235363e-05 2.208097e-02 
2.254539e-05 2.226849e-02 
2.273876e-05 2.245755e-02 
2.293376e-05 2.264818e-02 
2.313041e-05 2.284037e-02 
2.332871e-05 2.303414e-02 
2.352869e-05 2.322951e-02 
2.373035e-05 2.342649e-02 
2.393371e-05 2.362509e-02 
2.413878e-05 2.382531e-02 
2.434558e-05 2.402718e-02 
2.455412e-05 2.423071e-02 
2.476441e-05 2.443591e-02 
2.497648e-05 2.464279e-02 
2.519032e-05 2.485137e-02 
2.540597e-05 2.506166e-02 
2.544254e-05 2.509731e-02 
2.551567e-05 2.516860e-02 
2.552272e-05 2.517548e-02 
2.553682e-05 2.518922e-02 
2.555470e-05 2.520666e-02 
2.557085e-05 2.522239e-02 
2.560313e-05 2.525387e-02 
2.560523e-05 2.525591e-02 
2.560944e-05 2.526001e-02 
2.561784e-05 2.526820e-02 
2.563016e-05 2.528021e-02 
2.563069e-05 2.528073e-02 
2.563176e-05 2.528177e-02 
2.563178e-05 2.528179e-02 
2.563182e-05 2.528183e-02 
2.563191e-05 2.528191e-02 
2.563191e-05 2.528191e-02 
2.563191e-05 2.528192e-02 
2.563192e-05 2.528192e-02 
2.563193e-05 2.528193e-02 
2.563195e-05 2.528195e-02 
2.563199e-05 2.528200e-02 
2.563199e-05 2.528200e-02 
2.563199e-05 2.528200e-02 
2.563200e-05 2.528200e-02 
2.563200e-05 2.528201e-02 
2.563201e-05 2.528202e-02 
2.563204e-05 2.528204e-02 
2.563204e-05 2.528204e-02 
2.563204e-05 2.528204e-02 
2.563204e-05 2.528204e-02 
2.563204e-05 2.528204e-02 
2.563205e-05 2.528205e-02 
2.563205e-05 2.528205e-02 
2.563205e-05 2.528205e-02 
2.563205e-05 2.528205e-02 
2.563205e-05 2.528205e-02 
2.563205e-05 2.528205e-02 
2.563205e-05 2.528205e-02 
2.563205e-05 2.528205e-02 
2.563205e-05 2.528205e-02 
2.563205e-05 2.528205e-02 
2.563205e-05 2.528205e-02 
2.563205e-05 2.528205e-02 
2.563205e-05 2.528205e-02 
2.563205e-05 2.528205e-02 
2.563205e-05 2.528205e-02 
2.563205e-05 2.528205e-02 
2.563205e-05 2.528205e-02 
2.563205e-05 2.528205e-02 
2.563205e-05 2.528205e-02 
2.563205e-05 2.528205e-02 
2.563205e-05 2.528205e-02 
2.563205e-05 2.528205e-02 
2.563205e-05 2.528205e-02 
2.563205e-05 2.528205e-02 
2.563205e-05 2.528205e-02 
2.563205e-05 2.528205e-02 
2.563205e-05 2.528205e-02 
2.563205e-05 2.528205e-02 
2.563205e-05 2.528205e-02 
2.563205e-05 2.528205e-02 
2.563205e-05 2.528205e-02 
2.563205e-05 2.528205e-02 
2.563205e-05 2.528205e-02 
2.563205e-05 2.528205e-02 
2.563205e-05 2.528205e-02 
2.563205e-05 2.528205e-02 
2.563205e-05 2.528205e-02 
2.563205e-05 2.528205e-02 
2.563205e-05 2.528205e-02 
2.563205e-05 2.528205e-02 
2.563205e-05 2.528205e-02 
2.563205e-05 2.528205e-02 
2.563205e-05 2.528205e-02 
2.563205e-05 2.528205e-02 
2.563205e-05 2.528205e-02 
2.563205e-05 2.528205e-02 
2.563205e-05 2.528205e-02 
2.563205e-05 2.528205e-02 
2.563205e-05 2.528205e-02 
2.563205e-05 2.528205e-02 
2.563205e-05 2.528205e-02 
2.563205e-05 2.528205e-02 
2.563205e-05 2.528205e-02 
2.563205e-05 2.528205e-02 
2.563205e-05 2.528205e-02 
2.563205e-05 2.528205e-02 
2.563205e-05 2.528205e-02 
2.563205e-05 2.528205e-02 
2.563205e-05 2.528205e-02 
2.563205e-05 2.528205e-02 
2.563205e-05 2.528205e-02 
2.563205e-05 2.528205e-02 
2.563205e-05 2.528205e-02 
2.563205e-05 2.528205e-02 
2.563205e-05 2.528205e-02 
2.563205e-05 2.528205e-02 
2.563205e-05 2.528205e-02 
2.563205e-05 2.528205e-02 
2.563205e-05 2.528205e-02 
2.563205e-05 2.528205e-02 
2.563205e-05 2.528205e-02 
2.563205e-05 2.528205e-02 
2.563205e-05 2.528205e-02 
2.563205e-05 2.528205e-02 
2.563205e-05 2.528205e-02 
2.563205e-05 2.528205e-02 
2.563205e-05 2.528205e-02 
2.563205e-05 2.528205e-02 
2.563205e-05 2.528205e-02 
2.563205e-05 2.528205e-02 
2.563205e-05 2.528205e-02 
2.563205e-05 2.528205e-02 
2.563205e-05 2.528205e-02 
2.563205e-05 2.528205e-02 
2.563205e-05 2.528205e-02 
2.563205e-05 2.528205e-02 
2.563205e-05 2.528205e-02 
2.563205e-05 2.528205e-02 
2.563205e-05 2.528205e-02 
2.563205e-05 2.528205e-02 
2.563205e-05 2.528205e-02 
2.563205e-05 2.528205e-02 
2.563205e-05 2.528205e-02 
2.563205e-05 2.528205e-02 
2.563205e-05 2.528205e-02 
2.563205e-05 2.528205e-02 
2.563205e-05 2.528205e-02 
2.563205e-05 2.528205e-02 
2.563205e-05 2.528205e-02 
2.563205e-05 2.528205e-02 
2.563205e-05 2.528205e-02 
2.563205e-05 2.528205e-02 
2.563205e-05 2.528205e-02 
2.563205e-05 2.528205e-02 
2.563205e-05 2.528205e-02 
2.563205e-05 2.528205e-02 
2.563205e-05 2.528205e-02 
2.563205e-05 2.528205e-02 
2.563205e-05 2.528205e-02 
2.563205e-05 2.528205e-02 
2.563205e-05 2.528205e-02 
2.563205e-05 2.528205e-02 
2.563205e-05 2.528205e-02 
2.563205e-05 2.528205e-02 
2.563205e-05 2.528205e-02 
2.563205e-05 2.528205e-02 
2.563205e-05 2.528205e-02 
2.563205e-05 2.528205e-02 
2.563205e-05 2.528205e-02 
2.563205e-05 2.528205e-02 
2.563205e-05 2.528205e-02 
2.563205e-05 2.528205e-02 
2.563205e-05 2.528205e-02 
2.563205e-05 2.528205e-02 
2.563205e-05 2.528205e-02 
2.563205e-05 2.528205e-02 
2.563205e-05 2.528205e-02 
2.563205e-05 2.528205e-02 
2.563205e-05 2.528205e-02 
2.563205e-05 2.528205e-02 
2.563205e-05 2.528205e-02 
2.563205e-05 2.528205e-02 
2.563205e-05 2.528205e-02 
2.563205e-05 2.528205e-02 
2.563205e-05 2.528205e-02 
2.563205e-05 2.528205e-02 
2.563205e-05 2.528205e-02 
2.563205e-05 2.528205e-02 
2.563205e-05 2.528205e-02 
2.563205e-05 2.528205e-02 
2.563205e-05 2.528205e-02 
2.563205e-05 2.528205e-02 
2.563205e-05 2.528205e-02 
2.563205e-05 2.528205e-02 
2.563205e-05 2.528205e-02 
2.563205e-05 2.528205e-02 
2.563205e-05 2.528205e-02 
2.563205e-05 2.528205e-02 
2.563205e-05 2.528205e-02 
2.563205e-05 2.528205e-02 
2.563205e-05 2.528205e-02 
2.563205e-05 2.528205e-02 
2.563205e-05 2.528205e-02 
2.563205e-05 2.528205e-02 
2.563205e-05 2.528205e-02 
2.563205e-05 2.528205e-02 
2.563205e-05 2.528205e-02 
2.563205e-05 2.528205e-02 
2.563205e-05 2.528205e-02 
2.563205e-05 2.528205e-02 
2.563205e-05 2.528205e-02 
2.563205e-05 2.528205e-02 
2.563205e-05 2.528205e-02 
2.563205e-05 2.528205e-02 
2.563205e-05 2.528205e-02 
2.563205e-05 2.528205e-02 
2.563205e-05 2.528205e-02 
2.563205e-05 2.528205e-02 
2.563205e-05 2.528205e-02 
2.563205e-05 2.528205e-02 
2.563205e-05 2.528205e-02 
2.563205e-05 2.528205e-02 
2.563205e-05 2.528205e-02 
2.563205e-05 2.528205e-02 
2.563205e-05 2.528205e-02 
2.563205e-05 2.528205e-02 
2.563205e-05 2.528205e-02 
2.563205e-05 2.528205e-02 
2.563205e-05 2.528205e-02 
2.563205e-05 2.528205e-02 
2.563205e-05 2.528205e-02 
2.563205e-05 2.528205e-02 
2.563205e-05 2.528205e-02 
2.563205e-05 2.528205e-02 
2.563205e-05 2.528205e-02 
2.563205e-05 2.528205e-02 
2.563205e-05 2.528205e-02 
2.563205e-05 2.528205e-02 
2.563205e-05 2.528205e-02 
2.563205e-05 2.528205e-02 
2.563205e-05 2.528205e-02 
2.563205e-05 2.528205e-02 
2.563205e-05 2.528205e-02 
2.563205e-05 2.528205e-02 
2.563205e-05 2.528205e-02 
2.563205e-05 2.528205e-02 
2.563205e-05 2.528205e-02 
2.563205e-05 2.528205e-02 
2.563205e-05 2.528205e-02 
2.563205e-05 2.528205e-02 
2.563205e-05 2.528205e-02 
2.563205e-05 2.528205e-02 
2.563205e-05 2.528205e-02 
2.563205e-05 2.528205e-02 
2.563205e-05 2.528205e-02 
2.563205e-05 2.528205e-02 
2.563205e-05 2.528205e-02 
2.563205e-05 2.528205e-02 
2.563205e-05 2.528205e-02 
2.563205e-05 2.528205e-02 
2.563205e-05 2.528205e-02 
2.563205e-05 2.528205e-02 
2.563205e-05 2.528205e-02 
2.563205e-05 2.528205e-02 
2.563205e-05 2.528205e-02 
2.563205e-05 2.528205e-02 
2.563205e-05 2.528205e-02 
2.563205e-05 2.528205e-02 
2.563205e-05 2.528205e-02 
2.563205e-05 2.528205e-02 
2.563205e-05 2.528205e-02 
2.563205e-05 2.528205e-02 
2.563205e-05 2.528205e-02 
2.563205e-05 2.528205e-02 
2.563205e-05 2.528205e-02 
2.563205e-05 2.528205e-02 
2.563205e-05 2.528205e-02 
2.563205e-05 2.528205e-02 
2.563205e-05 2.528205e-02 
2.563205e-05 2.528205e-02 
2.563205e-05 2.528205e-02 
2.563205e-05 2.528205e-02 
2.563205e-05 2.528205e-02 
2.563205e-05 2.528205e-02 
2.563205e-05 2.528205e-02 
2.563205e-05 2.528205e-02 
2.563205e-05 2.528205e-02 
2.563205e-05 2.528205e-02 
2.563205e-05 2.528205e-02 
2.563205e-05 2.528205e-02 
2.563205e-05 2.528205e-02 
2.563205e-05 2.528205e-02 
2.563205e-05 2.528205e-02 
2.563205e-05 2.528205e-02 
2.563205e-05 2.528205e-02 
2.563205e-05 2.528205e-02 
2.563205e-05 2.528205e-02 
2.563205e-05 2.528205e-02 
2.563205e-05 2.528205e-02 
2.563205e-05 2.528206e-02 
2.563205e-05 2.528206e-02 
2.563206e-05 2.528206e-02 
2.563206e-05 2.528206e-02 
2.563207e-05 2.528207e-02 
2.563209e-05 2.528209e-02 
2.563212e-05 2.528213e-02 
2.563220e-05 2.528220e-02 
2.563234e-05 2.528234e-02 
2.563264e-05 2.528262e-02 
2.563322e-05 2.528319e-02 
2.563439e-05 2.528433e-02 
2.563672e-05 2.528661e-02 
2.564139e-05 2.529116e-02 
2.565073e-05 2.530026e-02 
2.566941e-05 2.531847e-02 
2.570677e-05 2.535488e-02 
2.578149e-05 2.542771e-02 
2.593093e-05 2.557335e-02 
2.622982e-05 2.586459e-02 
2.682758e-05 2.644689e-02 
2.706214e-05 2.667525e-02 
2.729333e-05 2.690027e-02 
2.759844e-05 2.719717e-02 
2.799183e-05 2.757986e-02 
2.828861e-05 2.786846e-02 
2.863080e-05 2.820112e-02 
2.900027e-05 2.856017e-02 
2.926198e-05 2.881440e-02 
2.951399e-05 2.905915e-02 
2.976817e-05 2.930595e-02 
3.002233e-05 2.955266e-02 
3.027718e-05 2.979997e-02 
3.053457e-05 3.004969e-02 
3.079531e-05 3.030259e-02 
3.105874e-05 3.055804e-02 
3.132394e-05 3.081514e-02 
3.159075e-05 3.107373e-02 
3.185965e-05 3.133427e-02 
3.213109e-05 3.159721e-02 
3.240509e-05 3.186255e-02 
3.268136e-05 3.213002e-02 
3.295974e-05 3.239945e-02 
3.324032e-05 3.267095e-02 
3.352328e-05 3.294466e-02 
3.380870e-05 3.322068e-02 
3.409654e-05 3.349895e-02 
3.438673e-05 3.377942e-02 
3.467928e-05 3.406209e-02 
3.497425e-05 3.434701e-02 
3.527170e-05 3.463424e-02 
3.557164e-05 3.492380e-02 
3.587407e-05 3.521566e-02 
3.617899e-05 3.550985e-02 
3.648643e-05 3.580637e-02 
3.679643e-05 3.610527e-02 
3.710901e-05 3.640656e-02 
3.742417e-05 3.671025e-02 
3.774195e-05 3.701636e-02 
3.806235e-05 3.732490e-02 
3.838540e-05 3.763589e-02 
3.871112e-05 3.794936e-02 
3.903954e-05 3.826532e-02 
3.937068e-05 3.858378e-02 
3.970455e-05 3.890477e-02 
4.004117e-05 3.922830e-02 
4.038058e-05 3.955439e-02 
4.072279e-05 3.988306e-02 
4.106782e-05 4.021433e-02 
4.141569e-05 4.054822e-02 
4.176643e-05 4.088473e-02 
4.212006e-05 4.122391e-02 
4.247660e-05 4.156575e-02 
4.283608e-05 4.191029e-02 
4.319852e-05 4.225753e-02 
4.356393e-05 4.260750e-02 
4.393235e-05 4.296023e-02 
4.430379e-05 4.331571e-02 
4.467829e-05 4.367399e-02 
4.505586e-05 4.403507e-02 
4.543653e-05 4.439897e-02 
4.582032e-05 4.476572e-02 
4.620725e-05 4.513534e-02 
4.659736e-05 4.550783e-02 
4.699066e-05 4.588324e-02 
4.738718e-05 4.626156e-02 
4.778694e-05 4.664283e-02 
4.818997e-05 4.702707e-02 
4.859630e-05 4.741428e-02 
4.900595e-05 4.780451e-02 
4.941894e-05 4.819776e-02 
5.000000e-05 4.875081e-02 
5.008260e-05 4.882938e-02 
5.024779e-05 4.898651e-02 
5.057819e-05 4.930072e-02 
5.123897e-05 4.992893e-02 
5.167368e-05 5.034193e-02 
5.210155e-05 5.074826e-02 
5.259813e-05 5.121964e-02 
5.308976e-05 5.168609e-02 
5.353184e-05 5.210532e-02 
5.395322e-05 5.250474e-02 
5.439098e-05 5.291952e-02 
5.485661e-05 5.336051e-02 
5.533423e-05 5.381265e-02 
5.580423e-05 5.425735e-02 
5.626563e-05 5.469372e-02 
5.672983e-05 5.513252e-02 
5.720485e-05 5.558136e-02 
5.768910e-05 5.603870e-02 
5.817619e-05 5.649849e-02 
5.866301e-05 5.695781e-02 
5.915173e-05 5.741869e-02 
5.964570e-05 5.788430e-02 
6.014583e-05 5.835547e-02 
6.065069e-05 5.883087e-02 
6.116308e-05 5.931312e-02 
6.168877e-05 5.980763e-02 
6.223640e-05 6.032251e-02 
6.281970e-05 6.087062e-02 
6.346611e-05 6.147768e-02 
6.426144e-05 6.222412e-02 
6.526144e-05 6.316190e-02 
6.626144e-05 6.409873e-02 
6.726144e-05 6.503464e-02 
6.826144e-05 6.596960e-02 
6.926144e-05 6.690363e-02 
7.026144e-05 6.783673e-02 
7.126144e-05 6.876889e-02 
7.226144e-05 6.970012e-02 
7.326144e-05 7.063042e-02 
7.426144e-05 7.155979e-02 
7.526144e-05 7.248823e-02 
7.626144e-05 7.341574e-02 
7.726144e-05 7.434233e-02 
7.826144e-05 7.526799e-02 
7.926144e-05 7.619272e-02 
8.026144e-05 7.711653e-02 
8.126144e-05 7.803941e-02 
8.226144e-05 7.896137e-02 
8.326144e-05 7.988241e-02 
8.426144e-05 8.080253e-02 
8.526144e-05 8.172172e-02 
8.626144e-05 8.264000e-02 
8.726144e-05 8.355736e-02 
8.826144e-05 8.447380e-02 
8.926144e-05 8.538933e-02 
9.026144e-05 8.630394e-02 
9.126144e-05 8.721764e-02 
9.226144e-05 8.813042e-02 
9.326144e-05 8.904229e-02 
9.426144e-05 8.995325e-02 
9.526144e-05 9.086329e-02 
9.626144e-05 9.177243e-02 
9.726144e-05 9.268066e-02 
9.826144e-05 9.358798e-02 
9.926144e-05 9.449439e-02 
9.927346e-05 9.450527e-02 
9.929748e-05 9.452702e-02 
9.934554e-05 9.457053e-02 
9.944165e-05 9.465755e-02 
9.963386e-05 9.483157e-02 
9.963692e-05 9.483434e-02 
9.964302e-05 9.483987e-02 
9.965524e-05 9.485093e-02 
9.967968e-05 9.487305e-02 
9.972855e-05 9.491728e-02 
9.982630e-05 9.500575e-02 
9.982785e-05 9.500716e-02 
9.983096e-05 9.500997e-02 
9.983717e-05 9.501559e-02 
9.984960e-05 9.502684e-02 
9.987445e-05 9.504933e-02 
9.992416e-05 9.509431e-02 
9.992495e-05 9.509503e-02 
9.992653e-05 9.509646e-02 
9.992969e-05 9.509932e-02 
9.993601e-05 9.510503e-02 
9.994865e-05 9.511647e-02 
9.997392e-05 9.513934e-02 
9.997432e-05 9.513970e-02 
9.997513e-05 9.514043e-02 
9.997673e-05 9.514188e-02 
9.997995e-05 9.514479e-02 
9.998637e-05 9.515061e-02 
9.999922e-05 9.516224e-02 
9.999943e-05 9.516242e-02 
9.999984e-05 9.516279e-02 
9.999984e-05 9.516280e-02 
9.999986e-05 9.516281e-02 
9.999988e-05 9.516283e-02 
9.999993e-05 9.516288e-02 
9.999994e-05 9.516288e-02 
9.999994e-05 9.516288e-02 
9.999994e-05 9.516288e-02 
9.999995e-05 9.516289e-02 
9.999996e-05 9.516290e-02 
9.999999e-05 9.516293e-02 
9.999999e-05 9.516293e-02 
9.999999e-05 9.516293e-02 
9.999999e-05 9.516293e-02 
9.999999e-05 9.516293e-02 
1.000000e-04 9.516294e-02 
1.000000e-04 9.516294e-02 
1.000000e-04 9.516294e-02 
1.000000e-04 9.516294e-02 
1.000000e-04 9.516294e-02 
1.000000e-04 9.516294e-02 
1.000000e-04 9.516294e-02 
1.000000e-04 9.516294e-02 
1.000000e-04 9.516294e-02 
1.000000e-04 9.516294e-02 
1.000000e-04 9.516294e-02 
1.000000e-04 9.516294e-02 
1.000000e-04 9.516294e-02 
1.000000e-04 9.516294e-02 
1.000000e-04 9.516294e-02 
1.000000e-04 9.516294e-02 
1.000000e-04 9.516294e-02 
1.000000e-04 9.516294e-02 
1.000000e-04 9.516294e-02 
1.000000e-04 9.516294e-02 
1.000000e-04 9.516294e-02 
1.000000e-04 9.516294e-02 
1.000000e-04 9.516294e-02 
1.000000e-04 9.516294e-02 
1.000000e-04 9.516294e-02 
1.000000e-04 9.516294e-02 
1.000000e-04 9.516294e-02 
1.000000e-04 9.516294e-02 
1.000000e-04 9.516294e-02 
1.000000e-04 9.516294e-02 
1.000000e-04 9.516294e-02 
1.000000e-04 9.516294e-02 
1.000000e-04 9.516294e-02 
1.000000e-04 9.516294e-02 
1.000000e-04 9.516294e-02 
1.000000e-04 9.516294e-02 
1.000000e-04 9.516294e-02 
1.000000e-04 9.516294e-02 
1.000000e-04 9.516294e-02 
1.000000e-04 9.516294e-02 
1.000000e-04 9.516295e-02 
1.000000e-04 9.516296e-02 
1.000000e-04 9.516297e-02 
1.000001e-04 9.516301e-02 
1.000001e-04 9.516307e-02 
1.000003e-04 9.516320e-02 
1.000006e-04 9.516347e-02 
1.000012e-04 9.516400e-02 
1.000023e-04 9.516506e-02 
1.000047e-04 9.516719e-02 
1.000094e-04 9.517143e-02 
1.000188e-04 9.517993e-02 
1.000306e-04 9.519064e-02 
1.000430e-04 9.520182e-02 
1.000557e-04 9.521333e-02 
1.000686e-04 9.522503e-02 
1.000822e-04 9.523730e-02 
1.000964e-04 9.525016e-02 
1.001116e-04 9.526392e-02 
1.001278e-04 9.527859e-02 
1.001454e-04 9.529445e-02 
1.001642e-04 9.531154e-02 
1.001848e-04 9.533014e-02 
1.002071e-04 9.535033e-02 
1.002315e-04 9.537241e-02 
1.002581e-04 9.539648e-02 
1.002873e-04 9.542289e-02 
1.003193e-04 9.545178e-02 
1.003544e-04 9.548352e-02 
1.003929e-04 9.551834e-02 
1.004352e-04 9.555664e-02 
1.004817e-04 9.559871e-02 
1.005329e-04 9.564501e-02 
1.005892e-04 9.569592e-02 
1.006512e-04 9.575198e-02 
1.007194e-04 9.581366e-02 
1.007945e-04 9.588159e-02 
1.008772e-04 9.595636e-02 
1.009683e-04 9.603870e-02 
1.010686e-04 9.612935e-02 
1.011791e-04 9.622920e-02 
1.013007e-04 9.633912e-02 
1.014347e-04 9.646018e-02 
1.015822e-04 9.659347e-02 
1.017447e-04 9.674026e-02 
1.019236e-04 9.690188e-02 
1.021207e-04 9.707986e-02 
1.023377e-04 9.727581e-02 
1.025767e-04 9.749160e-02 
1.028400e-04 9.772918e-02 
1.031299e-04 9.799080e-02 
1.034493e-04 9.827887e-02 
1.038011e-04 9.859610e-02 
1.041886e-04 9.894544e-02 
1.046156e-04 9.933018e-02 
1.050861e-04 9.975393e-02 
1.056046e-04 1.002207e-01 
1.061761e-04 1.007350e-01 
1.068062e-04 1.013016e-01 
1.075011e-04 1.019260e-01 
1.082676e-04 1.026144e-01 
1.091135e-04 1.033735e-01 
1.100473e-04 1.042108e-01 
1.110473e-04 1.051066e-01 
1.120473e-04 1.060015e-01 
1.129015e-04 1.067651e-01 
1.136329e-04 1.074185e-01 
1.142765e-04 1.079929e-01 
1.148529e-04 1.085070e-01 
1.153752e-04 1.089727e-01 
1.159045e-04 1.094443e-01 
1.163823e-04 1.098698e-01 
1.168290e-04 1.102674e-01 
1.172360e-04 1.106296e-01 
1.176150e-04 1.109666e-01 
1.179670e-04 1.112795e-01 
1.182974e-04 1.115732e-01 
1.186082e-04 1.118494e-01 
1.189023e-04 1.121105e-01 
1.191812e-04 1.123582e-01 
1.194467e-04 1.125938e-01 
1.197000e-04 1.128186e-01 
1.199424e-04 1.130337e-01 
1.201748e-04 1.132398e-01 
1.203980e-04 1.134377e-01 
1.206128e-04 1.136282e-01 
1.208199e-04 1.138117e-01 
1.210199e-04 1.139889e-01 
1.212132e-04 1.141602e-01 
1.214003e-04 1.143260e-01 
1.215817e-04 1.144866e-01 
1.217577e-04 1.146425e-01 
1.219287e-04 1.147939e-01 
1.220949e-04 1.149410e-01 
1.222567e-04 1.150842e-01 
1.224143e-04 1.152237e-01 
1.225679e-04 1.153596e-01 
1.227178e-04 1.154922e-01 
1.228642e-04 1.156216e-01 
1.230072e-04 1.157481e-01 
1.231470e-04 1.158717e-01 
1.232837e-04 1.159926e-01 
1.234176e-04 1.161110e-01 
1.235487e-04 1.162269e-01 
1.236807e-04 1.163435e-01 
1.238119e-04 1.164595e-01 
1.239440e-04 1.165762e-01 
1.240756e-04 1.166924e-01 
1.242077e-04 1.168091e-01 
1.243395e-04 1.169255e-01 
1.244718e-04 1.170423e-01 
1.246038e-04 1.171589e-01 
1.247363e-04 1.172758e-01 
1.248686e-04 1.173926e-01 
1.250012e-04 1.175097e-01 
1.251338e-04 1.176267e-01 
1.252667e-04 1.177440e-01 
1.253997e-04 1.178613e-01 
1.255329e-04 1.179788e-01 
1.256661e-04 1.180963e-01 
1.257997e-04 1.182141e-01 
1.259333e-04 1.183319e-01 
1.260672e-04 1.184500e-01 
1.262013e-04 1.185682e-01 
1.263356e-04 1.186866e-01 
1.264701e-04 1.188051e-01 
1.266049e-04 1.189239e-01 
1.267399e-04 1.190428e-01 
1.268751e-04 1.191620e-01 
1.270107e-04 1.192814e-01 
1.271465e-04 1.194010e-01 
1.272826e-04 1.195208e-01 
1.274190e-04 1.196409e-01 
1.275557e-04 1.197613e-01 
1.276928e-04 1.198819e-01 
1.278302e-04 1.200029e-01 
1.279679e-04 1.201241e-01 
1.279696e-04 1.201255e-01 
1.279729e-04 1.201284e-01 
1.279795e-04 1.201342e-01 
1.279927e-04 1.201459e-01 
1.279929e-04 1.201461e-01 
1.279933e-04 1.201464e-01 
1.279942e-04 1.201472e-01 
1.279958e-04 1.201486e-01 
1.279992e-04 1.201516e-01 
1.279992e-04 1.201516e-01 
1.279993e-04 1.201517e-01 
1.279996e-04 1.201519e-01 
1.280000e-04 1.201523e-01 
1.280008e-04 1.201530e-01 
1.280025e-04 1.201545e-01 
1.280026e-04 1.201546e-01 
1.280026e-04 1.201546e-01 
1.280027e-04 1.201547e-01 
1.280029e-04 1.201549e-01 
1.280034e-04 1.201553e-01 
1.280034e-04 1.201553e-01 
1.280034e-04 1.201553e-01 
1.280034e-04 1.201553e-01 
1.280035e-04 1.201554e-01 
1.280036e-04 1.201555e-01 
1.280038e-04 1.201557e-01 
1.280038e-04 1.201557e-01 
1.280038e-04 1.201557e-01 
1.280038e-04 1.201557e-01 
1.280039e-04 1.201557e-01 
1.280039e-04 1.201557e-01 
1.280039e-04 1.201557e-01 
1.280039e-04 1.201557e-01 
1.280039e-04 1.201557e-01 
1.280039e-04 1.201557e-01 
1.280039e-04 1.201557e-01 
1.280039e-04 1.201557e-01 
1.280039e-04 1.201557e-01 
1.280039e-04 1.201557e-01 
1.280039e-04 1.201557e-01 
1.280039e-04 1.201557e-01 
1.280039e-04 1.201557e-01 
1.280039e-04 1.201557e-01 
1.280039e-04 1.201557e-01 
1.280039e-04 1.201557e-01 
1.280039e-04 1.201557e-01 
1.280039e-04 1.201557e-01 
1.280039e-04 1.201557e-01 
1.280039e-04 1.201557e-01 
1.280039e-04 1.201557e-01 
1.280039e-04 1.201557e-01 
1.280039e-04 1.201557e-01 
1.280039e-04 1.201557e-01 
1.280039e-04 1.201557e-01 
1.280039e-04 1.201557e-01 
1.280039e-04 1.201557e-01 
1.280039e-04 1.201557e-01 
1.280039e-04 1.201557e-01 
1.280039e-04 1.201557e-01 
1.280039e-04 1.201557e-01 
1.280039e-04 1.201557e-01 
1.280039e-04 1.201557e-01 
1.280039e-04 1.201557e-01 
1.280039e-04 1.201557e-01 
1.280039e-04 1.201557e-01 
1.280039e-04 1.201557e-01 
1.280039e-04 1.201557e-01 
1.280039e-04 1.201557e-01 
1.280039e-04 1.201557e-01 
1.280039e-04 1.201557e-01 
1.280039e-04 1.201557e-01 
1.280039e-04 1.201557e-01 
1.280039e-04 1.201557e-01 
1.280039e-04 1.201557e-01 
1.280039e-04 1.201557e-01 
1.280039e-04 1.201557e-01 
1.280039e-04 1.201557e-01 
1.280039e-04 1.201557e-01 
1.280039e-04 1.201557e-01 
1.280039e-04 1.201557e-01 
1.280039e-04 1.201557e-01 
1.280039e-04 1.201557e-01 
1.280039e-04 1.201557e-01 
1.280039e-04 1.201557e-01 
