1.000000e-08 -1.000000e-08 
1.000012e-08 -1.000012e-08 
1.000036e-08 -1.000036e-08 
1.000084e-08 -1.000084e-08 
1.000180e-08 -1.000180e-08 
1.000372e-08 -1.000372e-08 
1.000756e-08 -1.000756e-08 
1.001524e-08 -1.001524e-08 
1.003060e-08 -1.003060e-08 
1.006132e-08 -1.006132e-08 
1.012276e-08 -1.012276e-08 
1.024564e-08 -1.024564e-08 
1.049140e-08 -1.049140e-08 
1.098292e-08 -1.098292e-08 
1.196596e-08 -1.196596e-08 
1.212611e-08 -1.212611e-08 
1.229607e-08 -1.229607e-08 
1.247281e-08 -1.247281e-08 
1.261477e-08 -1.261477e-08 
1.273894e-08 -1.273894e-08 
1.286848e-08 -1.286848e-08 
1.300012e-08 -1.300012e-08 
1.300318e-08 -1.300316e-08 
1.300929e-08 -1.300916e-08 
1.302152e-08 -1.302087e-08 
1.304598e-08 -1.304308e-08 
1.309489e-08 -1.308272e-08 
1.319271e-08 -1.314286e-08 
1.338836e-08 -1.318659e-08 
1.377966e-08 -1.296782e-08 
1.379653e-08 -1.295783e-08 
1.383025e-08 -1.293556e-08 
1.387061e-08 -1.290565e-08 
1.390849e-08 -1.287471e-08 
1.394464e-08 -1.284258e-08 
1.401692e-08 -1.277030e-08 
1.403560e-08 -1.275162e-08 
1.406752e-08 -1.271970e-08 
1.413137e-08 -1.265585e-08 
1.425906e-08 -1.252816e-08 
1.451445e-08 -1.227277e-08 
1.502522e-08 -1.176200e-08 
1.604676e-08 -1.074046e-08 
1.808985e-08 -8.697372e-09 
2.217602e-08 -4.611201e-09 
3.034836e-08 3.561139e-09 
4.669304e-08 1.990582e-08 
7.938240e-08 5.259518e-08 
1.447611e-07 1.179739e-07 
2.755186e-07 2.487313e-07 
2.803132e-07 2.535260e-07 
2.854445e-07 2.586573e-07 
2.914160e-07 2.646287e-07 
2.962158e-07 2.694285e-07 
3.011009e-07 2.743136e-07 
3.071982e-07 2.804109e-07 
3.131897e-07 2.864025e-07 
3.190693e-07 2.922820e-07 
3.221244e-07 2.953371e-07 
3.249496e-07 2.981623e-07 
3.283735e-07 3.015862e-07 
3.331829e-07 3.063956e-07 
3.403297e-07 3.135424e-07 
3.501471e-07 3.233598e-07 
3.542838e-07 3.274965e-07 
3.583006e-07 3.315133e-07 
3.628563e-07 3.360690e-07 
3.670822e-07 3.402949e-07 
3.707210e-07 3.439338e-07 
3.739111e-07 3.471238e-07 
3.771453e-07 3.503580e-07 
3.806803e-07 3.538930e-07 
3.844392e-07 3.576519e-07 
3.881584e-07 3.613712e-07 
3.917344e-07 3.649471e-07 
3.952753e-07 3.684880e-07 
3.989062e-07 3.721189e-07 
4.026495e-07 3.758622e-07 
4.064384e-07 3.796511e-07 
4.102133e-07 3.834261e-07 
4.139808e-07 3.871936e-07 
4.177823e-07 3.909950e-07 
4.216412e-07 3.948539e-07 
4.255472e-07 3.987599e-07 
4.294783e-07 4.026910e-07 
4.334273e-07 4.066400e-07 
4.374037e-07 4.106165e-07 
4.414188e-07 4.146315e-07 
4.454739e-07 4.186866e-07 
4.495634e-07 4.227761e-07 
4.536826e-07 4.268953e-07 
4.578327e-07 4.310454e-07 
4.620176e-07 4.352303e-07 
4.662393e-07 4.394520e-07 
4.704973e-07 4.437100e-07 
4.747899e-07 4.480026e-07 
4.791168e-07 4.523295e-07 
4.834792e-07 4.566919e-07 
4.878785e-07 4.610911e-07 
4.923148e-07 4.655275e-07 
4.967882e-07 4.700008e-07 
5.012984e-07 4.745110e-07 
5.058459e-07 4.790586e-07 
5.104314e-07 4.836440e-07 
5.150553e-07 4.882680e-07 
5.197179e-07 4.929306e-07 
5.244194e-07 4.976321e-07 
5.291602e-07 5.023728e-07 
5.339405e-07 5.071532e-07 
5.387609e-07 5.119736e-07 
5.436217e-07 5.168344e-07 
5.485233e-07 5.217359e-07 
5.534659e-07 5.266786e-07 
5.584500e-07 5.316626e-07 
5.634759e-07 5.366886e-07 
5.685441e-07 5.417568e-07 
5.736549e-07 5.468675e-07 
5.788087e-07 5.520213e-07 
5.840058e-07 5.572184e-07 
5.892467e-07 5.624593e-07 
5.945317e-07 5.677443e-07 
5.998613e-07 5.730739e-07 
6.052358e-07 5.784484e-07 
6.106557e-07 5.838683e-07 
6.161213e-07 5.893339e-07 
6.216331e-07 5.948457e-07 
6.271915e-07 6.004041e-07 
6.327968e-07 6.060094e-07 
6.384496e-07 6.116622e-07 
6.441502e-07 6.173628e-07 
6.498990e-07 6.231116e-07 
6.556966e-07 6.289092e-07 
6.615432e-07 6.347558e-07 
6.674394e-07 6.406520e-07 
6.733857e-07 6.465982e-07 
6.793823e-07 6.525949e-07 
6.854299e-07 6.586425e-07 
6.915288e-07 6.647414e-07 
6.976795e-07 6.708921e-07 
7.038824e-07 6.770950e-07 
7.101381e-07 6.833507e-07 
7.164470e-07 6.896596e-07 
7.228096e-07 6.960221e-07 
7.292263e-07 7.024388e-07 
7.356976e-07 7.089101e-07 
7.422240e-07 7.154365e-07 
7.488060e-07 7.220185e-07 
7.554441e-07 7.286566e-07 
7.621388e-07 7.353513e-07 
7.688905e-07 7.421030e-07 
7.756999e-07 7.489124e-07 
7.825673e-07 7.557798e-07 
7.894934e-07 7.627059e-07 
7.964785e-07 7.696910e-07 
8.035234e-07 7.767359e-07 
8.106284e-07 7.838408e-07 
8.177941e-07 7.910066e-07 
8.250210e-07 7.982335e-07 
8.323098e-07 8.055222e-07 
8.396608e-07 8.128733e-07 
8.470748e-07 8.202872e-07 
8.545521e-07 8.277646e-07 
8.620935e-07 8.353059e-07 
8.696994e-07 8.429119e-07 
8.773705e-07 8.505829e-07 
8.851072e-07 8.583196e-07 
8.929102e-07 8.661226e-07 
9.007801e-07 8.739925e-07 
9.087174e-07 8.819298e-07 
9.167227e-07 8.899351e-07 
9.247967e-07 8.980091e-07 
9.329399e-07 9.061523e-07 
9.411530e-07 9.143654e-07 
9.494366e-07 9.226489e-07 
9.577912e-07 9.310036e-07 
9.662175e-07 9.394299e-07 
9.747162e-07 9.479285e-07 
9.832878e-07 9.565002e-07 
9.921390e-07 9.653513e-07 
1.000000e-06 9.732123e-07 
1.001770e-06 9.749826e-07 
1.005311e-06 9.785230e-07 
1.012233e-06 9.854452e-07 
1.026077e-06 9.992895e-07 
1.053766e-06 1.026978e-06 
1.109143e-06 1.082356e-06 
1.219898e-06 1.193110e-06 
1.441408e-06 1.414620e-06 
1.884427e-06 1.857638e-06 
1.903868e-06 1.877079e-06 
1.927255e-06 1.900467e-06 
1.958685e-06 1.931896e-06 
2.000000e-06 1.973211e-06 
2.004628e-06 1.977839e-06 
2.013884e-06 1.987095e-06 
2.030444e-06 2.003655e-06 
2.063564e-06 2.036775e-06 
2.082321e-06 2.055531e-06 
2.100524e-06 2.073734e-06 
2.123976e-06 2.097187e-06 
2.156397e-06 2.129607e-06 
2.183823e-06 2.157033e-06 
2.211294e-06 2.184504e-06 
2.233700e-06 2.206910e-06 
2.251569e-06 2.224780e-06 
2.269336e-06 2.242547e-06 
2.289338e-06 2.262548e-06 
2.311381e-06 2.284592e-06 
2.333294e-06 2.306505e-06 
2.353890e-06 2.327101e-06 
2.373965e-06 2.347175e-06 
2.394617e-06 2.367827e-06 
2.416165e-06 2.389375e-06 
2.438116e-06 2.411327e-06 
2.459914e-06 2.433123e-06 
2.481538e-06 2.454747e-06 
2.503325e-06 2.476535e-06 
2.525510e-06 2.498719e-06 
2.548037e-06 2.521246e-06 
2.570719e-06 2.543929e-06 
2.593471e-06 2.566681e-06 
2.616359e-06 2.589569e-06 
2.639482e-06 2.612692e-06 
2.662866e-06 2.636075e-06 
2.686464e-06 2.659673e-06 
2.710232e-06 2.683441e-06 
2.734172e-06 2.707382e-06 
2.758316e-06 2.731525e-06 
2.782685e-06 2.755894e-06 
2.807274e-06 2.780483e-06 
2.832068e-06 2.805277e-06 
2.857063e-06 2.830272e-06 
2.882267e-06 2.855476e-06 
2.907689e-06 2.880898e-06 
2.933334e-06 2.906542e-06 
2.959198e-06 2.932407e-06 
2.985280e-06 2.958489e-06 
3.011583e-06 2.984791e-06 
3.038110e-06 3.011318e-06 
3.064865e-06 3.038073e-06 
3.091850e-06 3.065058e-06 
3.119065e-06 3.092273e-06 
3.146511e-06 3.119719e-06 
3.174191e-06 3.147399e-06 
3.202109e-06 3.175317e-06 
3.230265e-06 3.203473e-06 
3.258663e-06 3.231871e-06 
3.287303e-06 3.260510e-06 
3.316188e-06 3.289395e-06 
3.345319e-06 3.318527e-06 
3.374700e-06 3.347908e-06 
3.404333e-06 3.377540e-06 
3.434219e-06 3.407427e-06 
3.464361e-06 3.437568e-06 
3.494761e-06 3.467968e-06 
3.525422e-06 3.498629e-06 
3.556345e-06 3.529552e-06 
3.587533e-06 3.560739e-06 
3.618988e-06 3.592194e-06 
3.650712e-06 3.623918e-06 
3.682708e-06 3.655915e-06 
3.714979e-06 3.688185e-06 
3.747526e-06 3.720732e-06 
3.780352e-06 3.753558e-06 
3.813459e-06 3.786665e-06 
3.846851e-06 3.820056e-06 
3.880528e-06 3.853734e-06 
3.914495e-06 3.887700e-06 
3.948752e-06 3.921958e-06 
3.983304e-06 3.956509e-06 
4.018152e-06 3.991357e-06 
4.053299e-06 4.026504e-06 
4.088747e-06 4.061952e-06 
4.124500e-06 4.097705e-06 
4.160560e-06 4.133764e-06 
4.196929e-06 4.170133e-06 
4.233610e-06 4.206814e-06 
4.270606e-06 4.243810e-06 
4.307919e-06 4.281123e-06 
4.345553e-06 4.318757e-06 
4.383511e-06 4.356714e-06 
4.421794e-06 4.394997e-06 
4.460405e-06 4.433608e-06 
4.499349e-06 4.472552e-06 
4.538626e-06 4.511829e-06 
4.578241e-06 4.551444e-06 
4.618197e-06 4.591399e-06 
4.658495e-06 4.631698e-06 
4.699140e-06 4.672342e-06 
4.740134e-06 4.713336e-06 
4.781480e-06 4.754682e-06 
4.823182e-06 4.796383e-06 
4.865241e-06 4.838442e-06 
4.907662e-06 4.880863e-06 
4.950448e-06 4.923649e-06 
4.993601e-06 4.966802e-06 
5.037125e-06 5.010325e-06 
5.081023e-06 5.054223e-06 
5.125298e-06 5.098498e-06 
5.169954e-06 5.143154e-06 
5.214994e-06 5.188193e-06 
5.260420e-06 5.233620e-06 
5.306237e-06 5.279436e-06 
5.352448e-06 5.325647e-06 
5.399056e-06 5.372255e-06 
5.446065e-06 5.419263e-06 
5.493478e-06 5.466676e-06 
5.541298e-06 5.514496e-06 
5.589530e-06 5.562727e-06 
5.638176e-06 5.611373e-06 
5.687240e-06 5.660437e-06 
5.736726e-06 5.709922e-06 
5.786637e-06 5.759833e-06 
5.836977e-06 5.810173e-06 
5.887750e-06 5.860946e-06 
5.938960e-06 5.912155e-06 
5.990609e-06 5.963805e-06 
6.042703e-06 6.015898e-06 
6.095245e-06 6.068439e-06 
6.148238e-06 6.121432e-06 
6.201686e-06 6.174880e-06 
6.255594e-06 6.228788e-06 
6.309966e-06 6.283159e-06 
6.364805e-06 6.337998e-06 
6.420115e-06 6.393308e-06 
6.475901e-06 6.449093e-06 
6.532166e-06 6.505358e-06 
6.588914e-06 6.562106e-06 
6.646151e-06 6.619342e-06 
6.703879e-06 6.677070e-06 
6.762104e-06 6.735294e-06 
6.820829e-06 6.794019e-06 
6.880058e-06 6.853248e-06 
6.939797e-06 6.912986e-06 
7.000049e-06 6.973238e-06 
7.060819e-06 7.034007e-06 
7.122111e-06 7.095299e-06 
7.183929e-06 7.157117e-06 
7.246279e-06 7.219466e-06 
7.309165e-06 7.282351e-06 
7.372590e-06 7.345776e-06 
7.436561e-06 7.409747e-06 
7.501081e-06 7.474266e-06 
7.566156e-06 7.539341e-06 
7.631789e-06 7.604974e-06 
7.697987e-06 7.671170e-06 
7.764753e-06 7.737936e-06 
7.832092e-06 7.805275e-06 
7.900010e-06 7.873192e-06 
7.968511e-06 7.941693e-06 
8.037600e-06 8.010781e-06 
8.107283e-06 8.080463e-06 
8.177564e-06 8.150744e-06 
8.248448e-06 8.221628e-06 
8.319941e-06 8.293120e-06 
8.392048e-06 8.365226e-06 
8.464774e-06 8.437951e-06 
8.538124e-06 8.511301e-06 
8.612104e-06 8.585280e-06 
8.686718e-06 8.659894e-06 
8.761973e-06 8.735148e-06 
8.837874e-06 8.811048e-06 
8.914426e-06 8.887600e-06 
8.991635e-06 8.964808e-06 
9.069507e-06 9.042679e-06 
9.148047e-06 9.121218e-06 
9.227260e-06 9.200431e-06 
9.307153e-06 9.280323e-06 
9.387731e-06 9.360900e-06 
9.469000e-06 9.442169e-06 
9.550967e-06 9.524134e-06 
9.633636e-06 9.606803e-06 
9.717014e-06 9.690180e-06 
9.801107e-06 9.774272e-06 
9.885920e-06 9.859085e-06 
9.971461e-06 9.944625e-06 
1.005774e-05 1.003090e-05 
1.014475e-05 1.011791e-05 
1.023251e-05 1.020567e-05 
1.032102e-05 1.029418e-05 
1.041029e-05 1.038345e-05 
1.050032e-05 1.047348e-05 
1.059113e-05 1.056429e-05 
1.068271e-05 1.065587e-05 
1.077508e-05 1.074824e-05 
1.086824e-05 1.084140e-05 
1.096220e-05 1.093535e-05 
1.105696e-05 1.103011e-05 
1.115253e-05 1.112568e-05 
1.124892e-05 1.122207e-05 
1.134614e-05 1.131929e-05 
1.144419e-05 1.141734e-05 
1.154307e-05 1.151622e-05 
1.164281e-05 1.161595e-05 
1.174339e-05 1.171654e-05 
1.184484e-05 1.181798e-05 
1.194716e-05 1.192030e-05 
1.205035e-05 1.202349e-05 
1.215442e-05 1.212756e-05 
1.225938e-05 1.223252e-05 
1.236524e-05 1.233838e-05 
1.247201e-05 1.244514e-05 
1.257968e-05 1.255282e-05 
1.268828e-05 1.266141e-05 
1.279781e-05 1.277094e-05 
1.290827e-05 1.288140e-05 
1.301967e-05 1.299280e-05 
1.313203e-05 1.310516e-05 
1.324535e-05 1.321847e-05 
1.335963e-05 1.333276e-05 
1.347489e-05 1.344802e-05 
1.359114e-05 1.356426e-05 
1.370837e-05 1.368149e-05 
1.382661e-05 1.379973e-05 
1.394586e-05 1.391897e-05 
1.406612e-05 1.403924e-05 
1.418741e-05 1.416052e-05 
1.430974e-05 1.428285e-05 
1.443310e-05 1.440621e-05 
1.455752e-05 1.453063e-05 
1.468300e-05 1.465611e-05 
1.480955e-05 1.478266e-05 
1.493718e-05 1.491029e-05 
1.506590e-05 1.503900e-05 
1.519571e-05 1.516881e-05 
1.532663e-05 1.529973e-05 
1.545867e-05 1.543176e-05 
1.559183e-05 1.556492e-05 
1.572612e-05 1.569921e-05 
1.586156e-05 1.583465e-05 
1.599815e-05 1.597123e-05 
1.613590e-05 1.610898e-05 
1.627482e-05 1.624791e-05 
1.641493e-05 1.638801e-05 
1.655623e-05 1.652931e-05 
1.669873e-05 1.667180e-05 
1.684244e-05 1.681551e-05 
1.698738e-05 1.696045e-05 
1.713354e-05 1.710661e-05 
1.728095e-05 1.725401e-05 
1.742961e-05 1.740267e-05 
1.757954e-05 1.755259e-05 
1.773073e-05 1.770379e-05 
1.788321e-05 1.785627e-05 
1.803699e-05 1.801004e-05 
1.819207e-05 1.816512e-05 
1.834847e-05 1.832152e-05 
1.850620e-05 1.847924e-05 
1.866526e-05 1.863830e-05 
1.882568e-05 1.879871e-05 
1.898745e-05 1.896048e-05 
1.915060e-05 1.912363e-05 
1.931512e-05 1.928815e-05 
1.948105e-05 1.945407e-05 
1.964838e-05 1.962140e-05 
1.981712e-05 1.979014e-05 
1.998730e-05 1.996032e-05 
2.015892e-05 2.013193e-05 
2.033199e-05 2.030500e-05 
2.050653e-05 2.047953e-05 
2.068254e-05 2.065554e-05 
2.086004e-05 2.083304e-05 
2.103905e-05 2.101204e-05 
2.121957e-05 2.119255e-05 
2.140161e-05 2.137460e-05 
2.158519e-05 2.155818e-05 
2.177033e-05 2.174331e-05 
2.195703e-05 2.193000e-05 
2.214531e-05 2.211828e-05 
2.233517e-05 2.230814e-05 
2.252664e-05 2.249961e-05 
2.271973e-05 2.269269e-05 
2.291445e-05 2.288740e-05 
2.311081e-05 2.308376e-05 
2.330882e-05 2.328177e-05 
2.350851e-05 2.348145e-05 
2.370988e-05 2.368281e-05 
2.391295e-05 2.388587e-05 
2.411772e-05 2.409065e-05 
2.432423e-05 2.429715e-05 
2.453247e-05 2.450538e-05 
2.474247e-05 2.471538e-05 
2.478246e-05 2.475537e-05 
2.486244e-05 2.483535e-05 
2.487153e-05 2.484444e-05 
2.488971e-05 2.486262e-05 
2.492607e-05 2.489898e-05 
2.497671e-05 2.494962e-05 
2.498141e-05 2.495432e-05 
2.499081e-05 2.496371e-05 
2.499108e-05 2.496398e-05 
2.499162e-05 2.496452e-05 
2.499197e-05 2.496487e-05 
2.499234e-05 2.496524e-05 
2.499272e-05 2.496563e-05 
2.499307e-05 2.496597e-05 
2.499360e-05 2.496651e-05 
2.499426e-05 2.496717e-05 
2.499534e-05 2.496824e-05 
2.499719e-05 2.497010e-05 
2.500058e-05 2.497348e-05 
2.500060e-05 2.497350e-05 
2.500060e-05 2.497350e-05 
2.500061e-05 2.497351e-05 
2.500062e-05 2.497352e-05 
2.500062e-05 2.497352e-05 
2.500062e-05 2.497352e-05 
2.500062e-05 2.497352e-05 
2.500062e-05 2.497352e-05 
2.500062e-05 2.497352e-05 
2.500062e-05 2.497352e-05 
2.500062e-05 2.497352e-05 
2.500062e-05 2.497352e-05 
2.500062e-05 2.497352e-05 
2.500062e-05 2.497352e-05 
2.500062e-05 2.497353e-05 
2.500062e-05 2.497353e-05 
2.500062e-05 2.497353e-05 
2.500062e-05 2.497353e-05 
2.500062e-05 2.497353e-05 
2.500062e-05 2.497353e-05 
2.500062e-05 2.497353e-05 
2.500062e-05 2.497353e-05 
2.500062e-05 2.497353e-05 
2.500062e-05 2.497353e-05 
2.500062e-05 2.497353e-05 
2.500062e-05 2.497353e-05 
2.500062e-05 2.497353e-05 
2.500062e-05 2.497353e-05 
2.500062e-05 2.497353e-05 
2.500062e-05 2.497353e-05 
2.500062e-05 2.497353e-05 
2.500062e-05 2.497353e-05 
2.500062e-05 2.497353e-05 
2.500062e-05 2.497353e-05 
2.500062e-05 2.497353e-05 
2.500062e-05 2.497353e-05 
2.500062e-05 2.497353e-05 
2.500062e-05 2.497353e-05 
2.500062e-05 2.497353e-05 
2.500062e-05 2.497353e-05 
2.500062e-05 2.497353e-05 
2.500063e-05 2.497353e-05 
2.500063e-05 2.497353e-05 
2.500063e-05 2.497353e-05 
2.500063e-05 2.497353e-05 
2.500063e-05 2.497353e-05 
2.500063e-05 2.497353e-05 
2.500063e-05 2.497353e-05 
2.500063e-05 2.497353e-05 
2.500063e-05 2.497353e-05 
2.500063e-05 2.497353e-05 
2.500063e-05 2.497353e-05 
2.500063e-05 2.497353e-05 
2.500063e-05 2.497353e-05 
2.500063e-05 2.497353e-05 
2.500063e-05 2.497353e-05 
2.500063e-05 2.497353e-05 
2.500063e-05 2.497353e-05 
2.500063e-05 2.497353e-05 
2.500063e-05 2.497353e-05 
2.500063e-05 2.497353e-05 
2.500063e-05 2.497353e-05 
2.500063e-05 2.497353e-05 
2.500063e-05 2.497353e-05 
2.500063e-05 2.497353e-05 
2.500063e-05 2.497353e-05 
2.500063e-05 2.497353e-05 
2.500063e-05 2.497353e-05 
2.500063e-05 2.497353e-05 
2.500063e-05 2.497353e-05 
2.500063e-05 2.497353e-05 
2.500063e-05 2.497353e-05 
2.500063e-05 2.497353e-05 
2.500063e-05 2.497353e-05 
2.500063e-05 2.497353e-05 
2.500063e-05 2.497353e-05 
2.500063e-05 2.497353e-05 
2.500063e-05 2.497353e-05 
2.500063e-05 2.497353e-05 
2.500063e-05 2.497353e-05 
2.500063e-05 2.497353e-05 
2.500063e-05 2.497353e-05 
2.500063e-05 2.497353e-05 
2.500063e-05 2.497353e-05 
2.500063e-05 2.497353e-05 
2.500063e-05 2.497353e-05 
2.500063e-05 2.497353e-05 
2.500063e-05 2.497353e-05 
2.500063e-05 2.497353e-05 
2.500063e-05 2.497353e-05 
2.500063e-05 2.497353e-05 
2.500063e-05 2.497353e-05 
2.500063e-05 2.497353e-05 
2.500063e-05 2.497353e-05 
2.500063e-05 2.497353e-05 
2.500063e-05 2.497353e-05 
2.500063e-05 2.497353e-05 
2.500063e-05 2.497353e-05 
2.500063e-05 2.497353e-05 
2.500063e-05 2.497353e-05 
2.500063e-05 2.497353e-05 
2.500063e-05 2.497353e-05 
2.500063e-05 2.497353e-05 
2.500063e-05 2.497353e-05 
2.500063e-05 2.497353e-05 
2.500063e-05 2.497353e-05 
2.500063e-05 2.497353e-05 
2.500063e-05 2.497353e-05 
2.500063e-05 2.497353e-05 
2.500063e-05 2.497353e-05 
2.500063e-05 2.497353e-05 
2.500063e-05 2.497353e-05 
2.500063e-05 2.497353e-05 
2.500063e-05 2.497353e-05 
2.500063e-05 2.497353e-05 
2.500063e-05 2.497353e-05 
2.500063e-05 2.497353e-05 
2.500063e-05 2.497353e-05 
2.500063e-05 2.497353e-05 
2.500063e-05 2.497353e-05 
2.500063e-05 2.497353e-05 
2.500063e-05 2.497353e-05 
2.500063e-05 2.497353e-05 
2.500063e-05 2.497353e-05 
2.500063e-05 2.497353e-05 
2.500063e-05 2.497353e-05 
2.500063e-05 2.497353e-05 
2.500063e-05 2.497353e-05 
2.500063e-05 2.497353e-05 
2.500063e-05 2.497353e-05 
2.500063e-05 2.497353e-05 
2.500063e-05 2.497353e-05 
2.500063e-05 2.497353e-05 
2.500063e-05 2.497353e-05 
2.500063e-05 2.497353e-05 
2.500063e-05 2.497353e-05 
2.500063e-05 2.497353e-05 
2.500063e-05 2.497353e-05 
2.500063e-05 2.497353e-05 
2.500063e-05 2.497353e-05 
2.500063e-05 2.497353e-05 
2.500063e-05 2.497353e-05 
2.500063e-05 2.497353e-05 
2.500063e-05 2.497353e-05 
2.500063e-05 2.497353e-05 
2.500063e-05 2.497353e-05 
2.500063e-05 2.497353e-05 
2.500063e-05 2.497353e-05 
2.500063e-05 2.497353e-05 
2.500063e-05 2.497353e-05 
2.500063e-05 2.497353e-05 
2.500063e-05 2.497353e-05 
2.500063e-05 2.497353e-05 
2.500063e-05 2.497353e-05 
2.500063e-05 2.497353e-05 
2.500063e-05 2.497353e-05 
2.500063e-05 2.497353e-05 
2.500063e-05 2.497353e-05 
2.500063e-05 2.497353e-05 
2.500063e-05 2.497353e-05 
2.500063e-05 2.497353e-05 
2.500063e-05 2.497353e-05 
2.500063e-05 2.497353e-05 
2.500063e-05 2.497353e-05 
2.500063e-05 2.497353e-05 
2.500063e-05 2.497353e-05 
2.500063e-05 2.497354e-05 
2.500063e-05 2.497354e-05 
2.500064e-05 2.497354e-05 
2.500064e-05 2.497354e-05 
2.500065e-05 2.497355e-05 
2.500067e-05 2.497357e-05 
2.500071e-05 2.497361e-05 
2.500078e-05 2.497368e-05 
2.500093e-05 2.497383e-05 
2.500123e-05 2.497413e-05 
2.500182e-05 2.497472e-05 
2.500301e-05 2.497591e-05 
2.500539e-05 2.497830e-05 
2.501015e-05 2.498306e-05 
2.501968e-05 2.499258e-05 
2.503872e-05 2.501162e-05 
2.507681e-05 2.504971e-05 
2.515298e-05 2.512588e-05 
2.530533e-05 2.527822e-05 
2.561002e-05 2.558291e-05 
2.621941e-05 2.619228e-05 
2.644515e-05 2.641801e-05 
2.667293e-05 2.664579e-05 
2.696176e-05 2.693462e-05 
2.739964e-05 2.737248e-05 
2.770145e-05 2.767428e-05 
2.798101e-05 2.795383e-05 
2.824483e-05 2.821765e-05 
2.847712e-05 2.844993e-05 
2.870238e-05 2.867518e-05 
2.894136e-05 2.891415e-05 
2.919684e-05 2.916963e-05 
2.945620e-05 2.942898e-05 
2.970883e-05 2.968161e-05 
2.995700e-05 2.992977e-05 
3.020836e-05 3.018112e-05 
3.046668e-05 3.043943e-05 
3.072972e-05 3.070247e-05 
3.099345e-05 3.096618e-05 
3.125674e-05 3.122947e-05 
3.152147e-05 3.149419e-05 
3.178959e-05 3.176230e-05 
3.206119e-05 3.203390e-05 
3.233515e-05 3.230784e-05 
3.261062e-05 3.258330e-05 
3.288784e-05 3.286052e-05 
3.316750e-05 3.314016e-05 
3.344992e-05 3.342257e-05 
3.373489e-05 3.370754e-05 
3.402210e-05 3.399473e-05 
3.431146e-05 3.428409e-05 
3.460318e-05 3.457580e-05 
3.489743e-05 3.487004e-05 
3.519423e-05 3.516683e-05 
3.549350e-05 3.546609e-05 
3.579519e-05 3.576776e-05 
3.609933e-05 3.607190e-05 
3.640601e-05 3.637857e-05 
3.671528e-05 3.668782e-05 
3.702712e-05 3.699965e-05 
3.734154e-05 3.731406e-05 
3.765854e-05 3.763105e-05 
3.797816e-05 3.795066e-05 
3.830044e-05 3.827292e-05 
3.862539e-05 3.859786e-05 
3.895303e-05 3.892549e-05 
3.928338e-05 3.925582e-05 
3.961645e-05 3.958888e-05 
3.995227e-05 3.992469e-05 
4.029087e-05 4.026328e-05 
4.063227e-05 4.060466e-05 
4.097648e-05 4.094886e-05 
4.132353e-05 4.129589e-05 
4.167344e-05 4.164579e-05 
4.202624e-05 4.199857e-05 
4.238194e-05 4.235426e-05 
4.274057e-05 4.271287e-05 
4.310215e-05 4.307444e-05 
4.346670e-05 4.343898e-05 
4.383426e-05 4.380651e-05 
4.420483e-05 4.417707e-05 
4.457845e-05 4.455067e-05 
4.495513e-05 4.492734e-05 
4.533491e-05 4.530710e-05 
4.571780e-05 4.568998e-05 
4.610384e-05 4.607599e-05 
4.649303e-05 4.646517e-05 
4.688542e-05 4.685754e-05 
4.728101e-05 4.725311e-05 
4.767985e-05 4.765193e-05 
4.808194e-05 4.805401e-05 
4.848733e-05 4.845937e-05 
4.889602e-05 4.886805e-05 
4.930806e-05 4.928006e-05 
4.980628e-05 4.977826e-05 
5.000000e-05 4.997197e-05 
5.009074e-05 5.006270e-05 
5.027222e-05 5.024417e-05 
5.059701e-05 5.056895e-05 
5.124660e-05 5.121851e-05 
5.168474e-05 5.165663e-05 
5.211375e-05 5.208561e-05 
5.259178e-05 5.256362e-05 
5.306694e-05 5.303875e-05 
5.350957e-05 5.348136e-05 
5.393867e-05 5.391044e-05 
5.438070e-05 5.435244e-05 
5.484363e-05 5.481534e-05 
5.531590e-05 5.528760e-05 
5.578394e-05 5.575560e-05 
5.624707e-05 5.621871e-05 
5.671334e-05 5.668496e-05 
5.718842e-05 5.716001e-05 
5.767112e-05 5.764268e-05 
5.815692e-05 5.812845e-05 
5.864370e-05 5.861520e-05 
5.913298e-05 5.910445e-05 
5.962715e-05 5.959859e-05 
6.012683e-05 6.009825e-05 
6.063095e-05 6.060233e-05 
6.114223e-05 6.111358e-05 
6.166634e-05 6.163766e-05 
6.221174e-05 6.218303e-05 
6.279167e-05 6.276292e-05 
6.343198e-05 6.340319e-05 
6.421011e-05 6.418128e-05 
6.521011e-05 6.518121e-05 
6.621011e-05 6.618115e-05 
6.721011e-05 6.718108e-05 
6.821011e-05 6.818101e-05 
6.921011e-05 6.918095e-05 
7.021011e-05 7.018088e-05 
7.121011e-05 7.118081e-05 
7.221011e-05 7.218073e-05 
7.321011e-05 7.318066e-05 
7.421011e-05 7.418059e-05 
7.521011e-05 7.518051e-05 
7.621011e-05 7.618044e-05 
7.721011e-05 7.718036e-05 
7.821011e-05 7.818029e-05 
7.921011e-05 7.918021e-05 
8.021011e-05 8.018013e-05 
8.121011e-05 8.118005e-05 
8.221011e-05 8.217997e-05 
8.321011e-05 8.317989e-05 
8.421011e-05 8.417980e-05 
8.521011e-05 8.517972e-05 
8.621011e-05 8.617963e-05 
8.721011e-05 8.717955e-05 
8.821011e-05 8.817946e-05 
8.921011e-05 8.917937e-05 
9.021011e-05 9.017928e-05 
9.121011e-05 9.117919e-05 
9.221011e-05 9.217910e-05 
9.321011e-05 9.317901e-05 
9.421011e-05 9.417892e-05 
9.521011e-05 9.517882e-05 
9.621011e-05 9.617873e-05 
9.721011e-05 9.717863e-05 
9.821011e-05 9.817853e-05 
9.921011e-05 9.917843e-05 
9.922213e-05 9.919045e-05 
9.924615e-05 9.921447e-05 
9.929421e-05 9.926252e-05 
9.939032e-05 9.935862e-05 
9.958253e-05 9.955082e-05 
9.996696e-05 9.993521e-05 
9.997307e-05 9.994132e-05 
9.998529e-05 9.995353e-05 
9.998548e-05 9.995373e-05 
9.998587e-05 9.995412e-05 
9.998665e-05 9.995489e-05 
9.998820e-05 9.995645e-05 
9.999131e-05 9.995955e-05 
9.999752e-05 9.996576e-05 
9.999762e-05 9.996586e-05 
9.999782e-05 9.996606e-05 
9.999821e-05 9.996645e-05 
9.999900e-05 9.996724e-05 
9.999901e-05 9.996726e-05 
9.999904e-05 9.996728e-05 
9.999909e-05 9.996733e-05 
9.999919e-05 9.996743e-05 
9.999939e-05 9.996763e-05 
9.999979e-05 9.996803e-05 
9.999980e-05 9.996804e-05 
9.999981e-05 9.996805e-05 
9.999984e-05 9.996808e-05 
9.999989e-05 9.996813e-05 
9.999999e-05 9.996823e-05 
9.999999e-05 9.996823e-05 
9.999999e-05 9.996824e-05 
9.999999e-05 9.996824e-05 
1.000000e-04 9.996824e-05 
1.000000e-04 9.996824e-05 
1.000000e-04 9.996824e-05 
1.000000e-04 9.996824e-05 
1.000000e-04 9.996824e-05 
1.000000e-04 9.996824e-05 
1.000000e-04 9.996824e-05 
1.000000e-04 9.996824e-05 
1.000000e-04 9.996824e-05 
1.000000e-04 9.996824e-05 
1.000000e-04 9.996824e-05 
1.000000e-04 9.996824e-05 
1.000000e-04 9.996824e-05 
1.000000e-04 9.996824e-05 
1.000000e-04 9.996824e-05 
1.000000e-04 9.996824e-05 
1.000000e-04 9.996824e-05 
1.000000e-04 9.996824e-05 
1.000000e-04 9.996824e-05 
1.000000e-04 9.996824e-05 
1.000000e-04 9.996824e-05 
1.000000e-04 9.996824e-05 
1.000000e-04 9.996824e-05 
1.000000e-04 9.996824e-05 
1.000000e-04 9.996824e-05 
1.000000e-04 9.996824e-05 
1.000000e-04 9.996824e-05 
1.000000e-04 9.996824e-05 
1.000000e-04 9.996824e-05 
1.000000e-04 9.996824e-05 
