1.000000e-08 1.000000e-09 1.000000e-08 1.000000e-11 
1.000012e-08 1.120011e-09 1.000012e-08 1.120012e-11 
1.000036e-08 1.240037e-09 1.000036e-08 1.240039e-11 
1.000084e-08 1.480096e-09 1.000084e-08 1.480101e-11 
1.000180e-08 1.960251e-09 1.000180e-08 1.960261e-11 
1.000372e-08 2.920699e-09 1.000372e-08 2.920718e-11 
1.000756e-08 4.842147e-09 1.000756e-08 4.842185e-11 
1.001524e-08 8.687255e-09 1.001524e-08 8.687331e-11 
1.003060e-08 1.638632e-08 1.003060e-08 1.638647e-10 
1.006132e-08 3.181984e-08 1.006132e-08 3.182015e-10 
1.012276e-08 6.282847e-08 1.012276e-08 6.282909e-10 
1.024564e-08 1.254121e-07 1.024564e-08 1.254133e-09 
1.049140e-08 2.528445e-07 1.049140e-08 2.528470e-09 
1.098292e-08 5.167705e-07 1.098292e-08 5.167756e-09 
1.196596e-08 1.222361e-09 1.196596e-08 1.222363e-11 
1.212611e-08 1.928730e-07 1.212611e-08 1.928750e-09 
1.229607e-08 2.073514e-07 1.229607e-08 2.073535e-09 
1.247281e-08 2.186065e-07 1.247281e-08 2.186087e-09 
1.261477e-08 1.783627e-07 1.261477e-08 1.783646e-09 
1.273894e-08 1.579533e-07 1.273894e-08 1.579549e-09 
1.286848e-08 1.663566e-07 1.286848e-08 1.663583e-09 
1.300012e-08 1.707527e-07 1.300012e-08 1.707545e-09 
1.300318e-08 1.352629e-09 1.300318e-08 1.352633e-11 
1.300929e-08 1.353425e-09 1.300929e-08 1.353428e-11 
1.302152e-08 1.355017e-09 1.302152e-08 1.355020e-11 
1.304598e-08 1.358208e-09 1.304598e-08 1.358211e-11 
1.309489e-08 1.364613e-09 1.309489e-08 1.364616e-11 
1.319271e-08 1.377518e-09 1.319271e-08 1.377522e-11 
1.338836e-08 1.403712e-09 1.338836e-08 1.403716e-11 
1.377966e-08 1.457632e-09 1.377966e-08 1.457636e-11 
1.379653e-08 1.459958e-09 1.379653e-08 1.459963e-11 
1.383025e-08 1.464622e-09 1.383025e-08 1.464627e-11 
1.387061e-08 1.470221e-09 1.387061e-08 1.470225e-11 
1.390849e-08 1.475489e-09 1.390849e-08 1.475494e-11 
1.394464e-08 1.480529e-09 1.394464e-08 1.480534e-11 
1.401692e-08 1.490661e-09 1.401692e-08 1.490666e-11 
1.403560e-08 2.767087e-08 1.403560e-08 2.767116e-10 
1.406752e-08 4.630342e-08 1.406752e-08 4.630389e-10 
1.413137e-08 9.132188e-08 1.413137e-08 9.132283e-10 
1.425906e-08 1.819703e-07 1.425906e-08 1.819723e-09 
1.451445e-08 3.657135e-07 1.451445e-08 3.657173e-09 
1.502522e-08 7.429845e-07 1.502522e-08 7.429924e-09 
1.604676e-08 1.802737e-09 1.604676e-08 1.802745e-11 
1.808985e-08 2.172324e-09 1.808985e-08 2.172336e-11 
2.217602e-08 3.078465e-09 2.217602e-08 3.078486e-11 
3.034836e-08 5.558611e-09 3.034836e-08 5.558657e-11 
4.669304e-08 1.319035e-08 4.669304e-08 1.319048e-10 
7.938240e-08 3.913952e-08 7.938240e-08 3.914008e-10 
1.447611e-07 1.337799e-07 1.447611e-07 1.337830e-09 
2.755186e-07 4.940233e-07 2.755186e-07 4.940437e-09 
2.803132e-07 5.074611e-07 2.803132e-07 5.074839e-09 
2.854445e-07 5.221055e-07 2.854445e-07 5.221309e-09 
2.914160e-07 5.395042e-07 2.914160e-07 5.395326e-09 
2.962158e-07 5.537194e-07 2.962158e-07 5.537504e-09 
3.011009e-07 5.684257e-07 3.011009e-07 5.684594e-09 
3.071982e-07 5.871531e-07 3.071982e-07 5.871902e-09 
3.131897e-07 6.059145e-07 3.131897e-07 6.059551e-09 
3.190693e-07 6.246707e-07 3.190693e-07 6.247148e-09 
3.221244e-07 6.345101e-07 3.221244e-07 6.345561e-09 
3.249496e-07 6.436887e-07 3.249496e-07 6.437365e-09 
3.283735e-07 6.549298e-07 3.283735e-07 6.549797e-09 
3.331829e-07 6.709508e-07 3.331829e-07 6.710039e-09 
3.403297e-07 6.952687e-07 3.403297e-07 6.953265e-09 
3.501471e-07 7.296370e-07 3.501471e-07 7.297016e-09 
3.542838e-07 7.442898e-07 3.542838e-07 7.443574e-09 
3.583006e-07 7.586791e-07 3.583006e-07 7.587496e-09 
3.628563e-07 7.752061e-07 3.628563e-07 7.752801e-09 
3.670822e-07 7.907154e-07 3.670822e-07 7.907926e-09 
3.707210e-07 8.042025e-07 3.707210e-07 8.042825e-09 
3.739111e-07 8.161278e-07 3.739111e-07 8.162104e-09 
3.771453e-07 8.283229e-07 3.771453e-07 8.284081e-09 
3.806803e-07 8.417772e-07 3.806803e-07 8.418653e-09 
3.844392e-07 8.562246e-07 3.844392e-07 8.563158e-09 
3.881584e-07 8.706580e-07 3.881584e-07 8.707523e-09 
3.917344e-07 8.846631e-07 3.917344e-07 8.847606e-09 
3.952753e-07 8.986562e-07 3.952753e-07 8.987567e-09 
3.989062e-07 9.131370e-07 3.989062e-07 9.132408e-09 
4.026495e-07 9.282060e-07 4.026495e-07 9.283132e-09 
4.064384e-07 9.436019e-07 4.064384e-07 9.437125e-09 
4.102133e-07 9.590837e-07 4.102133e-07 9.591979e-09 
4.139808e-07 9.746768e-07 4.139808e-07 9.747946e-09 
4.177823e-07 9.905549e-07 4.177823e-07 9.906763e-09 
4.216412e-07 1.006822e-06 4.216412e-07 1.006947e-08 
4.255472e-07 1.023440e-06 4.255472e-07 1.023569e-08 
4.294783e-07 1.040319e-06 4.294783e-07 1.040452e-08 
4.334273e-07 1.057431e-06 4.334273e-07 1.057568e-08 
4.374037e-07 1.074820e-06 4.374037e-07 1.074961e-08 
4.414188e-07 1.092538e-06 4.414188e-07 1.092684e-08 
4.454739e-07 1.110599e-06 4.454739e-07 1.110749e-08 
4.495634e-07 1.128979e-06 4.495634e-07 1.129133e-08 
4.536826e-07 1.147663e-06 4.536826e-07 1.147822e-08 
4.578327e-07 1.166658e-06 4.578327e-07 1.166822e-08 
4.620176e-07 1.185988e-06 4.620176e-07 1.186157e-08 
4.662393e-07 1.205667e-06 4.662393e-07 1.205840e-08 
4.704973e-07 1.225695e-06 4.704973e-07 1.225874e-08 
4.747899e-07 1.246071e-06 4.747899e-07 1.246254e-08 
4.791168e-07 1.266796e-06 4.791168e-07 1.266985e-08 
4.834792e-07 1.287882e-06 4.834792e-07 1.288077e-08 
4.878785e-07 1.309339e-06 4.878785e-07 1.309540e-08 
4.923148e-07 1.331174e-06 4.923148e-07 1.331381e-08 
4.967882e-07 1.353391e-06 4.967882e-07 1.353603e-08 
5.012984e-07 1.375995e-06 5.012984e-07 1.376213e-08 
5.058459e-07 1.398992e-06 5.058459e-07 1.399216e-08 
5.104314e-07 1.422391e-06 5.104314e-07 1.422622e-08 
5.150553e-07 1.446201e-06 5.150553e-07 1.446438e-08 
5.197179e-07 1.470427e-06 5.197179e-07 1.470670e-08 
5.244194e-07 1.495075e-06 5.244194e-07 1.495326e-08 
5.291602e-07 1.520154e-06 5.291602e-07 1.520412e-08 
5.339405e-07 1.545671e-06 5.339405e-07 1.545936e-08 
5.387609e-07 1.571634e-06 5.387609e-07 1.571906e-08 
5.436217e-07 1.598051e-06 5.436217e-07 1.598331e-08 
5.485233e-07 1.624929e-06 5.485233e-07 1.625217e-08 
5.534659e-07 1.652277e-06 5.534659e-07 1.652572e-08 
5.584500e-07 1.680102e-06 5.584500e-07 1.680406e-08 
5.634759e-07 1.708414e-06 5.634759e-07 1.708726e-08 
5.685441e-07 1.737220e-06 5.685441e-07 1.737540e-08 
5.736549e-07 1.766529e-06 5.736549e-07 1.766859e-08 
5.788087e-07 1.796351e-06 5.788087e-07 1.796689e-08 
5.840058e-07 1.826693e-06 5.840058e-07 1.827040e-08 
5.892467e-07 1.857565e-06 5.892467e-07 1.857922e-08 
5.945317e-07 1.888976e-06 5.945317e-07 1.889343e-08 
5.998613e-07 1.920936e-06 5.998613e-07 1.921313e-08 
6.052358e-07 1.953455e-06 6.052358e-07 1.953842e-08 
6.106557e-07 1.986541e-06 6.106557e-07 1.986938e-08 
6.161213e-07 2.020205e-06 6.161213e-07 2.020613e-08 
6.216331e-07 2.054457e-06 6.216331e-07 2.054876e-08 
6.271915e-07 2.089307e-06 6.271915e-07 2.089738e-08 
6.327968e-07 2.124766e-06 6.327968e-07 2.125208e-08 
6.384496e-07 2.160844e-06 6.384496e-07 2.161298e-08 
6.441502e-07 2.197552e-06 6.441502e-07 2.198018e-08 
6.498990e-07 2.234901e-06 6.498990e-07 2.235380e-08 
6.556966e-07 2.272902e-06 6.556966e-07 2.273394e-08 
6.615432e-07 2.311567e-06 6.615432e-07 2.312072e-08 
6.674394e-07 2.350907e-06 6.674394e-07 2.351425e-08 
6.733857e-07 2.390934e-06 6.733857e-07 2.391466e-08 
6.793823e-07 2.431660e-06 6.793823e-07 2.432206e-08 
6.854299e-07 2.473097e-06 6.854299e-07 2.473658e-08 
6.915288e-07 2.515258e-06 6.915288e-07 2.515834e-08 
6.976795e-07 2.558155e-06 6.976795e-07 2.558746e-08 
7.038824e-07 2.601800e-06 7.038824e-07 2.602407e-08 
7.101381e-07 2.646208e-06 7.101381e-07 2.646831e-08 
7.164470e-07 2.691391e-06 7.164470e-07 2.692030e-08 
7.228096e-07 2.737363e-06 7.228096e-07 2.738019e-08 
7.292263e-07 2.784138e-06 7.292263e-07 2.784811e-08 
7.356976e-07 2.831729e-06 7.356976e-07 2.832421e-08 
7.422240e-07 2.880151e-06 7.422240e-07 2.880861e-08 
7.488060e-07 2.929419e-06 7.488060e-07 2.930147e-08 
7.554441e-07 2.979546e-06 7.554441e-07 2.980294e-08 
7.621388e-07 3.030549e-06 7.621388e-07 3.031317e-08 
7.688905e-07 3.082442e-06 7.688905e-07 3.083230e-08 
7.756999e-07 3.135241e-06 7.756999e-07 3.136050e-08 
7.825673e-07 3.188962e-06 7.825673e-07 3.189792e-08 
7.894934e-07 3.243621e-06 7.894934e-07 3.244473e-08 
7.964785e-07 3.299234e-06 7.964785e-07 3.300108e-08 
8.035234e-07 3.355817e-06 8.035234e-07 3.356714e-08 
8.106284e-07 3.413388e-06 8.106284e-07 3.414309e-08 
8.177941e-07 3.471965e-06 8.177941e-07 3.472910e-08 
8.250210e-07 3.531564e-06 8.250210e-07 3.532533e-08 
8.323098e-07 3.592203e-06 8.323098e-07 3.593198e-08 
8.396608e-07 3.653900e-06 8.396608e-07 3.654922e-08 
8.470748e-07 3.716675e-06 8.470748e-07 3.717723e-08 
8.545521e-07 3.780545e-06 8.545521e-07 3.781621e-08 
8.620935e-07 3.845530e-06 8.620935e-07 3.846634e-08 
8.696994e-07 3.911649e-06 8.696994e-07 3.912782e-08 
8.773705e-07 3.978923e-06 8.773705e-07 3.980086e-08 
8.851072e-07 4.047370e-06 8.851072e-07 4.048564e-08 
8.929102e-07 4.117013e-06 8.929102e-07 4.118237e-08 
9.007801e-07 4.187871e-06 9.007801e-07 4.189127e-08 
9.087174e-07 4.259965e-06 9.087174e-07 4.261255e-08 
9.167227e-07 4.333318e-06 9.167227e-07 4.334641e-08 
9.247967e-07 4.407951e-06 9.247967e-07 4.409309e-08 
9.329399e-07 4.483886e-06 9.329399e-07 4.485280e-08 
9.411530e-07 4.561147e-06 9.411530e-07 4.562577e-08 
9.494366e-07 4.639756e-06 9.494366e-07 4.641224e-08 
9.577912e-07 4.719737e-06 9.577912e-07 4.721243e-08 
9.662175e-07 4.801114e-06 9.662175e-07 4.802659e-08 
9.747162e-07 4.883911e-06 9.747162e-07 4.885497e-08 
9.832878e-07 4.968153e-06 9.832878e-07 4.969780e-08 
9.921390e-07 5.055926e-06 9.921390e-07 5.057596e-08 
1.000000e-06 5.134496e-06 1.000000e-06 5.136205e-08 
1.001770e-06 5.152220e-06 1.001770e-06 5.153939e-08 
1.005311e-06 5.187795e-06 1.005311e-06 5.189532e-08 
1.012233e-06 5.257828e-06 1.012233e-06 5.259600e-08 
1.026077e-06 5.399809e-06 1.026077e-06 5.401653e-08 
1.053766e-06 5.691433e-06 1.053766e-06 5.693426e-08 
1.109143e-06 6.305333e-06 1.109143e-06 6.307637e-08 
1.219898e-06 7.655730e-06 1.219898e-06 7.658726e-08 
1.441408e-06 1.084689e-05 1.441408e-06 1.085156e-07 
1.884427e-06 1.919046e-05 1.884427e-06 1.919989e-07 
1.903868e-06 1.956021e-05 1.903868e-06 1.957001e-07 
1.927255e-06 2.001050e-05 1.927255e-06 2.002075e-07 
1.958685e-06 2.062547e-05 1.958685e-06 2.063634e-07 
2.000000e-06 2.145092e-05 2.000000e-06 2.146264e-07 
2.004628e-06 2.154359e-05 2.004628e-06 2.155541e-07 
2.013884e-06 2.172979e-05 2.013884e-06 2.174181e-07 
2.030444e-06 2.206568e-05 2.030444e-06 2.207805e-07 
2.063564e-06 2.274840e-05 2.063564e-06 2.276150e-07 
2.082321e-06 2.313855e-05 2.082321e-06 2.315207e-07 
2.100524e-06 2.352049e-05 2.100524e-06 2.353442e-07 
2.123976e-06 2.401806e-05 2.123976e-06 2.403254e-07 
2.156397e-06 2.471640e-05 2.156397e-06 2.473165e-07 
2.183823e-06 2.531466e-05 2.183823e-06 2.533058e-07 
2.211294e-06 2.592142e-05 2.211294e-06 2.593804e-07 
2.233700e-06 2.642133e-05 2.233700e-06 2.643852e-07 
2.251569e-06 2.682320e-05 2.251569e-06 2.684085e-07 
2.269336e-06 2.722591e-05 2.269336e-06 2.724404e-07 
2.289338e-06 2.768328e-05 2.289338e-06 2.770195e-07 
2.311381e-06 2.819217e-05 2.311381e-06 2.821144e-07 
2.333294e-06 2.870285e-05 2.333294e-06 2.872273e-07 
2.353890e-06 2.918707e-05 2.353890e-06 2.920754e-07 
2.373965e-06 2.966304e-05 2.373965e-06 2.968408e-07 
2.394617e-06 3.015696e-05 2.394617e-06 3.017861e-07 
2.416165e-06 3.067695e-05 2.416165e-06 3.069925e-07 
2.438116e-06 3.121149e-05 2.438116e-06 3.123445e-07 
2.459914e-06 3.174700e-05 2.459914e-06 3.177063e-07 
2.481538e-06 3.228292e-05 2.481538e-06 3.230723e-07 
2.503325e-06 3.282763e-05 2.503325e-06 3.285264e-07 
2.525510e-06 3.338717e-05 2.525510e-06 3.341290e-07 
2.548037e-06 3.396042e-05 2.548037e-06 3.398689e-07 
2.570719e-06 3.454275e-05 2.570719e-06 3.456999e-07 
2.593471e-06 3.513203e-05 2.593471e-06 3.516005e-07 
2.616359e-06 3.573006e-05 2.616359e-06 3.575888e-07 
2.639482e-06 3.633957e-05 2.639482e-06 3.636920e-07 
2.662866e-06 3.696138e-05 2.662866e-06 3.699185e-07 
2.686464e-06 3.759446e-05 2.686464e-06 3.762579e-07 
2.710232e-06 3.823774e-05 2.710232e-06 3.826996e-07 
2.734172e-06 3.889140e-05 2.734172e-06 3.892452e-07 
2.758316e-06 3.955642e-05 2.758316e-06 3.959048e-07 
2.782685e-06 4.023356e-05 2.782685e-06 4.026857e-07 
2.807274e-06 4.092285e-05 2.807274e-06 4.095884e-07 
2.832068e-06 4.162403e-05 2.832068e-06 4.166102e-07 
2.857063e-06 4.233711e-05 2.857063e-06 4.237514e-07 
2.882267e-06 4.306248e-05 2.882267e-06 4.310156e-07 
2.907689e-06 4.380059e-05 2.907689e-06 4.384075e-07 
2.933334e-06 4.455170e-05 2.933334e-06 4.459298e-07 
2.959198e-06 4.531593e-05 2.959198e-06 4.535835e-07 
2.985280e-06 4.609338e-05 2.985280e-06 4.613697e-07 
3.011583e-06 4.688429e-05 3.011583e-06 4.692908e-07 
3.038110e-06 4.768896e-05 3.038110e-06 4.773498e-07 
3.064865e-06 4.850770e-05 3.064865e-06 4.855498e-07 
3.091850e-06 4.934072e-05 3.091850e-06 4.938930e-07 
3.119065e-06 5.018822e-05 3.119065e-06 5.023813e-07 
3.146511e-06 5.105045e-05 3.146511e-06 5.110172e-07 
3.174191e-06 5.192767e-05 3.174191e-06 5.198034e-07 
3.202109e-06 5.282017e-05 3.202109e-06 5.287427e-07 
3.230265e-06 5.372821e-05 3.230265e-06 5.378379e-07 
3.258663e-06 5.465206e-05 3.258663e-06 5.470915e-07 
3.287303e-06 5.559198e-05 3.287303e-06 5.565061e-07 
3.316188e-06 5.654824e-05 3.316188e-06 5.660847e-07 
3.345319e-06 5.752114e-05 3.345319e-06 5.758300e-07 
3.374700e-06 5.851098e-05 3.374700e-06 5.857451e-07 
3.404333e-06 5.951804e-05 3.404333e-06 5.958329e-07 
3.434219e-06 6.054262e-05 3.434219e-06 6.060963e-07 
3.464361e-06 6.158503e-05 3.464361e-06 6.165384e-07 
3.494761e-06 6.264556e-05 3.494761e-06 6.271623e-07 
3.525422e-06 6.372455e-05 3.525422e-06 6.379712e-07 
3.556345e-06 6.482231e-05 3.556345e-06 6.489683e-07 
3.587533e-06 6.593916e-05 3.587533e-06 6.601568e-07 
3.618988e-06 6.707544e-05 3.618988e-06 6.715401e-07 
3.650712e-06 6.823148e-05 3.650712e-06 6.831216e-07 
3.682708e-06 6.940762e-05 3.682708e-06 6.949047e-07 
3.714979e-06 7.060422e-05 3.714979e-06 7.068928e-07 
3.747526e-06 7.182163e-05 3.747526e-06 7.190897e-07 
3.780352e-06 7.306022e-05 3.780352e-06 7.314989e-07 
3.813459e-06 7.432034e-05 3.813459e-06 7.441240e-07 
3.846851e-06 7.560237e-05 3.846851e-06 7.569689e-07 
3.880528e-06 7.690669e-05 3.880528e-06 7.700373e-07 
3.914495e-06 7.823369e-05 3.914495e-06 7.833332e-07 
3.948752e-06 7.958377e-05 3.948752e-06 7.968605e-07 
3.983304e-06 8.095731e-05 3.983304e-06 8.106232e-07 
4.018152e-06 8.235473e-05 4.018152e-06 8.246253e-07 
4.053299e-06 8.377645e-05 4.053299e-06 8.388712e-07 
4.088747e-06 8.522288e-05 4.088747e-06 8.533649e-07 
4.124500e-06 8.669446e-05 4.124500e-06 8.681108e-07 
4.160560e-06 8.819161e-05 4.160560e-06 8.831132e-07 
4.196929e-06 8.971478e-05 4.196929e-06 8.983767e-07 
4.233610e-06 9.126443e-05 4.233610e-06 9.139058e-07 
4.270606e-06 9.284101e-05 4.270606e-06 9.297050e-07 
4.307919e-06 9.444498e-05 4.307919e-06 9.457790e-07 
4.345553e-06 9.607683e-05 4.345553e-06 9.621327e-07 
4.383511e-06 9.773704e-05 4.383511e-06 9.787709e-07 
4.421794e-06 9.942609e-05 4.421794e-06 9.956984e-07 
4.460405e-06 1.011445e-04 4.460405e-06 1.012920e-06 
4.499349e-06 1.028927e-04 4.499349e-06 1.030442e-06 
4.538626e-06 1.046714e-04 4.538626e-06 1.048268e-06 
4.578241e-06 1.064809e-04 4.578241e-06 1.066405e-06 
4.618197e-06 1.083219e-04 4.618197e-06 1.084856e-06 
4.658495e-06 1.101948e-04 4.658495e-06 1.103629e-06 
4.699140e-06 1.121003e-04 4.699140e-06 1.122728e-06 
4.740134e-06 1.140389e-04 4.740134e-06 1.142159e-06 
4.781480e-06 1.160111e-04 4.781480e-06 1.161928e-06 
4.823182e-06 1.180176e-04 4.823182e-06 1.182041e-06 
4.865241e-06 1.200589e-04 4.865241e-06 1.202504e-06 
4.907662e-06 1.221357e-04 4.907662e-06 1.223322e-06 
4.950448e-06 1.242486e-04 4.950448e-06 1.244502e-06 
4.993601e-06 1.263981e-04 4.993601e-06 1.266051e-06 
5.037125e-06 1.285850e-04 5.037125e-06 1.287974e-06 
5.081023e-06 1.308098e-04 5.081023e-06 1.310278e-06 
5.125298e-06 1.330732e-04 5.125298e-06 1.332970e-06 
5.169954e-06 1.353760e-04 5.169954e-06 1.356056e-06 
5.214994e-06 1.377187e-04 5.214994e-06 1.379544e-06 
5.260420e-06 1.401021e-04 5.260420e-06 1.403439e-06 
5.306237e-06 1.425268e-04 5.306237e-06 1.427750e-06 
5.352448e-06 1.449936e-04 5.352448e-06 1.452484e-06 
5.399056e-06 1.475033e-04 5.399056e-06 1.477647e-06 
5.446065e-06 1.500565e-04 5.446065e-06 1.503248e-06 
5.493478e-06 1.526540e-04 5.493478e-06 1.529293e-06 
5.541298e-06 1.552965e-04 5.541298e-06 1.555791e-06 
5.589530e-06 1.579850e-04 5.589530e-06 1.582749e-06 
5.638176e-06 1.607200e-04 5.638176e-06 1.610176e-06 
5.687240e-06 1.635025e-04 5.687240e-06 1.638079e-06 
5.736726e-06 1.663333e-04 5.736726e-06 1.666467e-06 
5.786637e-06 1.692132e-04 5.786637e-06 1.695348e-06 
5.836977e-06 1.721430e-04 5.836977e-06 1.724731e-06 
5.887750e-06 1.751237e-04 5.887750e-06 1.754624e-06 
5.938960e-06 1.781560e-04 5.938960e-06 1.785036e-06 
5.990609e-06 1.812409e-04 5.990609e-06 1.815976e-06 
6.042703e-06 1.843794e-04 6.042703e-06 1.847454e-06 
6.095245e-06 1.875722e-04 6.095245e-06 1.879478e-06 
6.148238e-06 1.908204e-04 6.148238e-06 1.912059e-06 
6.201686e-06 1.941249e-04 6.201686e-06 1.945205e-06 
6.255594e-06 1.974867e-04 6.255594e-06 1.978927e-06 
6.309966e-06 2.009068e-04 6.309966e-06 2.013234e-06 
6.364805e-06 2.043862e-04 6.364805e-06 2.048136e-06 
6.420115e-06 2.079259e-04 6.420115e-06 2.083645e-06 
6.475901e-06 2.115269e-04 6.475901e-06 2.119770e-06 
6.532166e-06 2.151903e-04 6.532166e-06 2.156522e-06 
6.588914e-06 2.189172e-04 6.588914e-06 2.193912e-06 
6.646151e-06 2.227087e-04 6.646151e-06 2.231951e-06 
6.703879e-06 2.265659e-04 6.703879e-06 2.270650e-06 
6.762104e-06 2.304899e-04 6.762104e-06 2.310021e-06 
6.820829e-06 2.344819e-04 6.820829e-06 2.350075e-06 
6.880058e-06 2.385431e-04 6.880058e-06 2.390824e-06 
6.939797e-06 2.426745e-04 6.939797e-06 2.432280e-06 
7.000049e-06 2.468776e-04 7.000049e-06 2.474455e-06 
7.060819e-06 2.511534e-04 7.060819e-06 2.517362e-06 
7.122111e-06 2.555033e-04 7.122111e-06 2.561013e-06 
7.183929e-06 2.599285e-04 7.183929e-06 2.605422e-06 
7.246279e-06 2.644304e-04 7.246279e-06 2.650601e-06 
7.309165e-06 2.690101e-04 7.309165e-06 2.696563e-06 
7.372590e-06 2.736692e-04 7.372590e-06 2.743322e-06 
7.436561e-06 2.784089e-04 7.436561e-06 2.790893e-06 
7.501081e-06 2.832307e-04 7.501081e-06 2.839288e-06 
7.566156e-06 2.881359e-04 7.566156e-06 2.888523e-06 
7.631789e-06 2.931260e-04 7.631789e-06 2.938611e-06 
7.697987e-06 2.982024e-04 7.697987e-06 2.989568e-06 
7.764753e-06 3.033667e-04 7.764753e-06 3.041408e-06 
7.832092e-06 3.086204e-04 7.832092e-06 3.094147e-06 
7.900010e-06 3.139649e-04 7.900010e-06 3.147800e-06 
7.968511e-06 3.194020e-04 7.968511e-06 3.202383e-06 
8.037600e-06 3.249330e-04 8.037600e-06 3.257912e-06 
8.107283e-06 3.305597e-04 8.107283e-06 3.314403e-06 
8.177564e-06 3.362838e-04 8.177564e-06 3.371873e-06 
8.248448e-06 3.421068e-04 8.248448e-06 3.430340e-06 
8.319941e-06 3.480305e-04 8.319941e-06 3.489819e-06 
8.392048e-06 3.540566e-04 8.392048e-06 3.550329e-06 
8.464774e-06 3.601870e-04 8.464774e-06 3.611887e-06 
8.538124e-06 3.664233e-04 8.538124e-06 3.674512e-06 
8.612104e-06 3.727674e-04 8.612104e-06 3.738221e-06 
8.686718e-06 3.792211e-04 8.686718e-06 3.803034e-06 
8.761973e-06 3.857864e-04 8.761973e-06 3.868969e-06 
8.837874e-06 3.924652e-04 8.837874e-06 3.936046e-06 
8.914426e-06 3.992593e-04 8.914426e-06 4.004285e-06 
8.991635e-06 4.061708e-04 8.991635e-06 4.073706e-06 
9.069507e-06 4.132018e-04 9.069507e-06 4.144328e-06 
9.148047e-06 4.203542e-04 9.148047e-06 4.216173e-06 
9.227260e-06 4.276301e-04 9.227260e-06 4.289262e-06 
9.307153e-06 4.350317e-04 9.307153e-06 4.363616e-06 
9.387731e-06 4.425611e-04 9.387731e-06 4.439258e-06 
9.469000e-06 4.502205e-04 9.469000e-06 4.516208e-06 
9.550967e-06 4.580122e-04 9.550967e-06 4.594490e-06 
9.633636e-06 4.659383e-04 9.633636e-06 4.674126e-06 
9.717014e-06 4.740014e-04 9.717014e-06 4.755141e-06 
9.801107e-06 4.822035e-04 9.801107e-06 4.837557e-06 
9.885920e-06 4.905473e-04 9.885920e-06 4.921400e-06 
9.971461e-06 4.990350e-04 9.971461e-06 5.006692e-06 
1.005774e-05 5.076691e-04 1.005774e-05 5.093460e-06 
1.014475e-05 5.164523e-04 1.014475e-05 5.181729e-06 
1.023251e-05 5.253869e-04 1.023251e-05 5.271524e-06 
1.032102e-05 5.344757e-04 1.032102e-05 5.362872e-06 
1.041029e-05 5.437212e-04 1.041029e-05 5.455799e-06 
1.050032e-05 5.531262e-04 1.050032e-05 5.550334e-06 
1.059113e-05 5.626933e-04 1.059113e-05 5.646502e-06 
1.068271e-05 5.724254e-04 1.068271e-05 5.744333e-06 
1.077508e-05 5.823253e-04 1.077508e-05 5.843856e-06 
1.086824e-05 5.923958e-04 1.086824e-05 5.945098e-06 
1.096220e-05 6.026399e-04 1.096220e-05 6.048090e-06 
1.105696e-05 6.130605e-04 1.105696e-05 6.152861e-06 
1.115253e-05 6.236607e-04 1.115253e-05 6.259443e-06 
1.124892e-05 6.344435e-04 1.124892e-05 6.367867e-06 
1.134614e-05 6.454121e-04 1.134614e-05 6.478163e-06 
1.144419e-05 6.565696e-04 1.144419e-05 6.590365e-06 
1.154307e-05 6.679193e-04 1.154307e-05 6.704505e-06 
1.164281e-05 6.794645e-04 1.164281e-05 6.820616e-06 
1.174339e-05 6.912084e-04 1.174339e-05 6.938732e-06 
1.184484e-05 7.031546e-04 1.184484e-05 7.058887e-06 
1.194716e-05 7.153064e-04 1.194716e-05 7.181117e-06 
1.205035e-05 7.276673e-04 1.205035e-05 7.305457e-06 
1.215442e-05 7.402410e-04 1.215442e-05 7.431944e-06 
1.225938e-05 7.530310e-04 1.225938e-05 7.560614e-06 
1.236524e-05 7.660412e-04 1.236524e-05 7.691504e-06 
1.247201e-05 7.792751e-04 1.247201e-05 7.824653e-06 
1.257968e-05 7.927367e-04 1.257968e-05 7.960099e-06 
1.268828e-05 8.064298e-04 1.268828e-05 8.097883e-06 
1.279781e-05 8.203584e-04 1.279781e-05 8.238043e-06 
1.290827e-05 8.345264e-04 1.290827e-05 8.380621e-06 
1.301967e-05 8.489381e-04 1.301967e-05 8.525657e-06 
1.313203e-05 8.635974e-04 1.313203e-05 8.673195e-06 
1.324535e-05 8.785088e-04 1.324535e-05 8.823277e-06 
1.335963e-05 8.936763e-04 1.335963e-05 8.975947e-06 
1.347489e-05 9.091045e-04 1.347489e-05 9.131249e-06 
1.359114e-05 9.247978e-04 1.359114e-05 9.289227e-06 
1.370837e-05 9.407606e-04 1.370837e-05 9.449929e-06 
1.382661e-05 9.569975e-04 1.382661e-05 9.613399e-06 
1.394586e-05 9.735133e-04 1.394586e-05 9.779687e-06 
1.406612e-05 9.903127e-04 1.406612e-05 9.948840e-06 
1.418741e-05 1.007400e-03 1.418741e-05 1.012091e-05 
1.430974e-05 1.024782e-03 1.430974e-05 1.029594e-05 
1.443310e-05 1.042461e-03 1.443310e-05 1.047398e-05 
1.455752e-05 1.060444e-03 1.455752e-05 1.065509e-05 
1.468300e-05 1.078735e-03 1.468300e-05 1.083932e-05 
1.480955e-05 1.097340e-03 1.480955e-05 1.102673e-05 
1.493718e-05 1.116264e-03 1.493718e-05 1.121735e-05 
1.506590e-05 1.135513e-03 1.506590e-05 1.141126e-05 
1.519571e-05 1.155091e-03 1.519571e-05 1.160851e-05 
1.532663e-05 1.175006e-03 1.532663e-05 1.180915e-05 
1.545867e-05 1.195262e-03 1.545867e-05 1.201324e-05 
1.559183e-05 1.215864e-03 1.559183e-05 1.222085e-05 
1.572612e-05 1.236820e-03 1.572612e-05 1.243202e-05 
1.586156e-05 1.258135e-03 1.586156e-05 1.264683e-05 
1.599815e-05 1.279815e-03 1.599815e-05 1.286533e-05 
1.613590e-05 1.301866e-03 1.613590e-05 1.308759e-05 
1.627482e-05 1.324295e-03 1.627482e-05 1.331367e-05 
1.641493e-05 1.347108e-03 1.641493e-05 1.354363e-05 
1.655623e-05 1.370311e-03 1.655623e-05 1.377755e-05 
1.669873e-05 1.393912e-03 1.669873e-05 1.401549e-05 
1.684244e-05 1.417916e-03 1.684244e-05 1.425751e-05 
1.698738e-05 1.442331e-03 1.698738e-05 1.450370e-05 
1.713354e-05 1.467164e-03 1.713354e-05 1.475411e-05 
1.728095e-05 1.492421e-03 1.728095e-05 1.500882e-05 
1.742961e-05 1.518110e-03 1.742961e-05 1.526791e-05 
1.757954e-05 1.544239e-03 1.757954e-05 1.553145e-05 
1.773073e-05 1.570814e-03 1.773073e-05 1.579951e-05 
1.788321e-05 1.597843e-03 1.788321e-05 1.607217e-05 
1.803699e-05 1.625334e-03 1.803699e-05 1.634951e-05 
1.819207e-05 1.653294e-03 1.819207e-05 1.663162e-05 
1.834847e-05 1.681732e-03 1.834847e-05 1.691856e-05 
1.850620e-05 1.710656e-03 1.850620e-05 1.721042e-05 
1.866526e-05 1.740074e-03 1.866526e-05 1.750729e-05 
1.882568e-05 1.769994e-03 1.882568e-05 1.780925e-05 
1.898745e-05 1.800424e-03 1.898745e-05 1.811639e-05 
1.915060e-05 1.831374e-03 1.915060e-05 1.842879e-05 
1.931512e-05 1.862851e-03 1.931512e-05 1.874655e-05 
1.948105e-05 1.894866e-03 1.948105e-05 1.906976e-05 
1.964838e-05 1.927426e-03 1.964838e-05 1.939850e-05 
1.981712e-05 1.960542e-03 1.981712e-05 1.973288e-05 
1.998730e-05 1.994222e-03 1.998730e-05 2.007298e-05 
2.015892e-05 2.028476e-03 2.015892e-05 2.041891e-05 
2.033199e-05 2.063314e-03 2.033199e-05 2.077076e-05 
2.050653e-05 2.098745e-03 2.050653e-05 2.112864e-05 
2.068254e-05 2.134780e-03 2.068254e-05 2.149264e-05 
2.086004e-05 2.171428e-03 2.086004e-05 2.186288e-05 
2.103905e-05 2.208700e-03 2.103905e-05 2.223945e-05 
2.121957e-05 2.246607e-03 2.121957e-05 2.262246e-05 
2.140161e-05 2.285158e-03 2.140161e-05 2.301202e-05 
2.158519e-05 2.324366e-03 2.158519e-05 2.340825e-05 
2.177033e-05 2.364240e-03 2.177033e-05 2.381125e-05 
2.195703e-05 2.404792e-03 2.195703e-05 2.422115e-05 
2.214531e-05 2.446034e-03 2.214531e-05 2.463805e-05 
2.233517e-05 2.487977e-03 2.233517e-05 2.506207e-05 
2.252664e-05 2.530632e-03 2.252664e-05 2.549334e-05 
2.271973e-05 2.574012e-03 2.271973e-05 2.593198e-05 
2.291445e-05 2.618129e-03 2.291445e-05 2.637811e-05 
2.311081e-05 2.662996e-03 2.311081e-05 2.683186e-05 
2.330882e-05 2.708623e-03 2.330882e-05 2.729336e-05 
2.350851e-05 2.755026e-03 2.350851e-05 2.776274e-05 
2.370988e-05 2.802215e-03 2.370988e-05 2.824013e-05 
2.391295e-05 2.850206e-03 2.391295e-05 2.872566e-05 
2.411772e-05 2.899010e-03 2.411772e-05 2.921948e-05 
2.432423e-05 2.948642e-03 2.432423e-05 2.972173e-05 
2.453247e-05 2.999115e-03 2.453247e-05 3.023254e-05 
2.474247e-05 3.050443e-03 2.474247e-05 3.075206e-05 
2.478246e-05 3.060232e-03 2.478246e-05 3.085115e-05 
2.486244e-05 3.079873e-03 2.486244e-05 3.104999e-05 
2.487153e-05 3.082106e-03 2.487153e-05 3.107259e-05 
2.488971e-05 3.086575e-03 2.488971e-05 3.111784e-05 
2.492607e-05 3.095526e-03 2.492607e-05 3.120845e-05 
2.497671e-05 3.108018e-03 2.497671e-05 3.133493e-05 
2.498141e-05 3.109177e-03 2.498141e-05 3.134666e-05 
2.499081e-05 3.111496e-03 2.499081e-05 3.137014e-05 
2.499108e-05 3.111564e-03 2.499108e-05 3.137083e-05 
2.499162e-05 3.111696e-03 2.499162e-05 3.137217e-05 
2.499197e-05 3.111782e-03 2.499197e-05 3.137304e-05 
2.499234e-05 3.111874e-03 2.499234e-05 3.137397e-05 
2.499272e-05 3.111969e-03 2.499272e-05 3.137493e-05 
2.499307e-05 3.112055e-03 2.499307e-05 3.137580e-05 
2.499360e-05 3.112186e-03 2.499360e-05 3.137713e-05 
2.499426e-05 3.112349e-03 2.499426e-05 3.137877e-05 
2.499534e-05 3.112614e-03 2.499534e-05 3.138146e-05 
2.499719e-05 3.113072e-03 2.499719e-05 3.138610e-05 
2.500058e-05 3.113908e-03 2.500058e-05 3.139456e-05 
2.500060e-05 3.113913e-03 2.500060e-05 3.139461e-05 
2.500060e-05 3.113913e-03 2.500060e-05 3.139462e-05 
2.500061e-05 3.113915e-03 2.500061e-05 3.139463e-05 
2.500062e-05 3.113917e-03 2.500062e-05 3.139465e-05 
2.500062e-05 3.113917e-03 2.500062e-05 3.139465e-05 
2.500062e-05 3.113917e-03 2.500062e-05 3.139465e-05 
2.500062e-05 3.113754e-03 2.500062e-05 3.139300e-05 
2.500062e-05 3.113917e-03 2.500062e-05 3.139466e-05 
2.500062e-05 3.113918e-03 2.500062e-05 3.139466e-05 
2.500062e-05 3.113918e-03 2.500062e-05 3.139466e-05 
2.500062e-05 3.113918e-03 2.500062e-05 3.139466e-05 
2.500062e-05 3.114115e-03 2.500062e-05 3.139666e-05 
2.500062e-05 3.113918e-03 2.500062e-05 3.139467e-05 
2.500062e-05 3.114599e-03 2.500062e-05 3.140156e-05 
2.500062e-05 3.113919e-03 2.500062e-05 3.139467e-05 
2.500062e-05 3.113919e-03 2.500062e-05 3.139467e-05 
2.500062e-05 3.113919e-03 2.500062e-05 3.139467e-05 
2.500062e-05 3.114024e-03 2.500062e-05 3.139574e-05 
2.500062e-05 3.113806e-03 2.500062e-05 3.139353e-05 
2.500062e-05 3.114707e-03 2.500062e-05 3.140265e-05 
2.500062e-05 3.113919e-03 2.500062e-05 3.139467e-05 
2.500062e-05 3.113919e-03 2.500062e-05 3.139467e-05 
2.500062e-05 3.113919e-03 2.500062e-05 3.139467e-05 
2.500062e-05 3.113919e-03 2.500062e-05 3.139467e-05 
2.500062e-05 3.113919e-03 2.500062e-05 3.139467e-05 
2.500062e-05 3.113919e-03 2.500062e-05 3.139467e-05 
2.500062e-05 3.113919e-03 2.500062e-05 3.139467e-05 
2.500062e-05 3.113919e-03 2.500062e-05 3.139467e-05 
2.500062e-05 3.113919e-03 2.500062e-05 3.139467e-05 
2.500062e-05 3.113919e-03 2.500062e-05 3.139467e-05 
2.500062e-05 3.113919e-03 2.500062e-05 3.139467e-05 
2.500062e-05 3.113919e-03 2.500062e-05 3.139467e-05 
2.500062e-05 3.113919e-03 2.500062e-05 3.139467e-05 
2.500062e-05 3.113919e-03 2.500062e-05 3.139467e-05 
2.500062e-05 3.113919e-03 2.500062e-05 3.139467e-05 
2.500062e-05 3.113919e-03 2.500062e-05 3.139467e-05 
2.500062e-05 3.113919e-03 2.500062e-05 3.139467e-05 
2.500062e-05 3.113919e-03 2.500062e-05 3.139467e-05 
2.500062e-05 3.113919e-03 2.500062e-05 3.139468e-05 
2.500062e-05 3.113339e-03 2.500062e-05 3.138880e-05 
2.500062e-05 3.113919e-03 2.500062e-05 3.139468e-05 
2.500063e-05 3.114773e-03 2.500063e-05 3.140332e-05 
2.500063e-05 3.113919e-03 2.500063e-05 3.139468e-05 
2.500063e-05 3.113919e-03 2.500063e-05 3.139468e-05 
2.500063e-05 3.113920e-03 2.500063e-05 3.139468e-05 
2.500063e-05 3.114093e-03 2.500063e-05 3.139643e-05 
2.500063e-05 3.114460e-03 2.500063e-05 3.140015e-05 
2.500063e-05 3.113920e-03 2.500063e-05 3.139468e-05 
2.500063e-05 3.112946e-03 2.500063e-05 3.138482e-05 
2.500063e-05 3.114465e-03 2.500063e-05 3.140021e-05 
2.500063e-05 3.113709e-03 2.500063e-05 3.139255e-05 
2.500063e-05 3.113920e-03 2.500063e-05 3.139469e-05 
2.500063e-05 3.114749e-03 2.500063e-05 3.140308e-05 
2.500063e-05 3.113605e-03 2.500063e-05 3.139149e-05 
2.500063e-05 3.113476e-03 2.500063e-05 3.139019e-05 
2.500063e-05 3.114482e-03 2.500063e-05 3.140037e-05 
2.500063e-05 3.113920e-03 2.500063e-05 3.139469e-05 
2.500063e-05 3.113920e-03 2.500063e-05 3.139469e-05 
2.500063e-05 3.113920e-03 2.500063e-05 3.139469e-05 
2.500063e-05 3.113920e-03 2.500063e-05 3.139469e-05 
2.500063e-05 3.113920e-03 2.500063e-05 3.139469e-05 
2.500063e-05 3.113920e-03 2.500063e-05 3.139469e-05 
2.500063e-05 3.113920e-03 2.500063e-05 3.139469e-05 
2.500063e-05 3.113920e-03 2.500063e-05 3.139469e-05 
2.500063e-05 3.113920e-03 2.500063e-05 3.139469e-05 
2.500063e-05 3.113921e-03 2.500063e-05 3.139469e-05 
2.500063e-05 3.113921e-03 2.500063e-05 3.139469e-05 
2.500063e-05 3.113322e-03 2.500063e-05 3.138863e-05 
2.500063e-05 3.113921e-03 2.500063e-05 3.139469e-05 
2.500063e-05 3.113921e-03 2.500063e-05 3.139469e-05 
2.500063e-05 3.113921e-03 2.500063e-05 3.139469e-05 
2.500063e-05 3.113921e-03 2.500063e-05 3.139469e-05 
2.500063e-05 3.113921e-03 2.500063e-05 3.139469e-05 
2.500063e-05 3.113921e-03 2.500063e-05 3.139469e-05 
2.500063e-05 3.113921e-03 2.500063e-05 3.139469e-05 
2.500063e-05 3.113921e-03 2.500063e-05 3.139469e-05 
2.500063e-05 3.113921e-03 2.500063e-05 3.139469e-05 
2.500063e-05 3.113921e-03 2.500063e-05 3.139469e-05 
2.500063e-05 3.113921e-03 2.500063e-05 3.139469e-05 
2.500063e-05 3.113921e-03 2.500063e-05 3.139469e-05 
2.500063e-05 3.113921e-03 2.500063e-05 3.139469e-05 
2.500063e-05 3.113921e-03 2.500063e-05 3.139469e-05 
2.500063e-05 3.114533e-03 2.500063e-05 3.140089e-05 
2.500063e-05 3.113921e-03 2.500063e-05 3.139469e-05 
2.500063e-05 3.113921e-03 2.500063e-05 3.139469e-05 
2.500063e-05 3.113921e-03 2.500063e-05 3.139469e-05 
2.500063e-05 3.113921e-03 2.500063e-05 3.139469e-05 
2.500063e-05 3.113921e-03 2.500063e-05 3.139469e-05 
2.500063e-05 3.114493e-03 2.500063e-05 3.140049e-05 
2.500063e-05 3.113921e-03 2.500063e-05 3.139469e-05 
2.500063e-05 3.112928e-03 2.500063e-05 3.138464e-05 
2.500063e-05 3.113921e-03 2.500063e-05 3.139469e-05 
2.500063e-05 3.113921e-03 2.500063e-05 3.139469e-05 
2.500063e-05 3.113921e-03 2.500063e-05 3.139469e-05 
2.500063e-05 3.113921e-03 2.500063e-05 3.139469e-05 
2.500063e-05 3.113921e-03 2.500063e-05 3.139469e-05 
2.500063e-05 3.113921e-03 2.500063e-05 3.139469e-05 
2.500063e-05 3.113921e-03 2.500063e-05 3.139469e-05 
2.500063e-05 3.113921e-03 2.500063e-05 3.139469e-05 
2.500063e-05 3.113921e-03 2.500063e-05 3.139469e-05 
2.500063e-05 3.113921e-03 2.500063e-05 3.139469e-05 
2.500063e-05 3.113921e-03 2.500063e-05 3.139469e-05 
2.500063e-05 3.113921e-03 2.500063e-05 3.139469e-05 
2.500063e-05 3.113921e-03 2.500063e-05 3.139469e-05 
2.500063e-05 3.113921e-03 2.500063e-05 3.139469e-05 
2.500063e-05 3.113921e-03 2.500063e-05 3.139469e-05 
2.500063e-05 3.113921e-03 2.500063e-05 3.139469e-05 
2.500063e-05 3.113921e-03 2.500063e-05 3.139469e-05 
2.500063e-05 3.113921e-03 2.500063e-05 3.139469e-05 
2.500063e-05 3.113921e-03 2.500063e-05 3.139469e-05 
2.500063e-05 3.113921e-03 2.500063e-05 3.139469e-05 
2.500063e-05 3.113921e-03 2.500063e-05 3.139469e-05 
2.500063e-05 3.113921e-03 2.500063e-05 3.139469e-05 
2.500063e-05 3.113921e-03 2.500063e-05 3.139469e-05 
2.500063e-05 3.113921e-03 2.500063e-05 3.139469e-05 
2.500063e-05 3.113921e-03 2.500063e-05 3.139469e-05 
2.500063e-05 3.113921e-03 2.500063e-05 3.139469e-05 
2.500063e-05 3.113921e-03 2.500063e-05 3.139469e-05 
2.500063e-05 3.113921e-03 2.500063e-05 3.139469e-05 
2.500063e-05 3.113921e-03 2.500063e-05 3.139469e-05 
2.500063e-05 3.113921e-03 2.500063e-05 3.139469e-05 
2.500063e-05 3.113921e-03 2.500063e-05 3.139469e-05 
2.500063e-05 3.113921e-03 2.500063e-05 3.139469e-05 
2.500063e-05 3.113921e-03 2.500063e-05 3.139469e-05 
2.500063e-05 3.113921e-03 2.500063e-05 3.139469e-05 
2.500063e-05 3.113921e-03 2.500063e-05 3.139469e-05 
2.500063e-05 3.113921e-03 2.500063e-05 3.139469e-05 
2.500063e-05 3.113921e-03 2.500063e-05 3.139469e-05 
2.500063e-05 3.113921e-03 2.500063e-05 3.139469e-05 
2.500063e-05 3.113921e-03 2.500063e-05 3.139469e-05 
2.500063e-05 3.113921e-03 2.500063e-05 3.139469e-05 
2.500063e-05 3.113921e-03 2.500063e-05 3.139469e-05 
2.500063e-05 3.113921e-03 2.500063e-05 3.139469e-05 
2.500063e-05 3.113921e-03 2.500063e-05 3.139469e-05 
2.500063e-05 3.113921e-03 2.500063e-05 3.139469e-05 
2.500063e-05 3.113921e-03 2.500063e-05 3.139469e-05 
2.500063e-05 3.113921e-03 2.500063e-05 3.139469e-05 
2.500063e-05 3.113921e-03 2.500063e-05 3.139469e-05 
2.500063e-05 3.113921e-03 2.500063e-05 3.139469e-05 
2.500063e-05 3.113921e-03 2.500063e-05 3.139469e-05 
2.500063e-05 3.113921e-03 2.500063e-05 3.139469e-05 
2.500063e-05 3.113921e-03 2.500063e-05 3.139469e-05 
2.500063e-05 3.113921e-03 2.500063e-05 3.139469e-05 
2.500063e-05 3.113921e-03 2.500063e-05 3.139469e-05 
2.500063e-05 3.113921e-03 2.500063e-05 3.139469e-05 
2.500063e-05 3.113921e-03 2.500063e-05 3.139469e-05 
2.500063e-05 3.113921e-03 2.500063e-05 3.139469e-05 
2.500063e-05 3.113921e-03 2.500063e-05 3.139469e-05 
2.500063e-05 3.113921e-03 2.500063e-05 3.139469e-05 
2.500063e-05 3.113921e-03 2.500063e-05 3.139469e-05 
2.500063e-05 3.113921e-03 2.500063e-05 3.139469e-05 
2.500063e-05 3.113921e-03 2.500063e-05 3.139469e-05 
2.500063e-05 3.113921e-03 2.500063e-05 3.139469e-05 
2.500063e-05 3.113921e-03 2.500063e-05 3.139469e-05 
2.500063e-05 3.113921e-03 2.500063e-05 3.139469e-05 
2.500063e-05 3.113921e-03 2.500063e-05 3.139469e-05 
2.500063e-05 3.113921e-03 2.500063e-05 3.139469e-05 
2.500063e-05 3.113921e-03 2.500063e-05 3.139469e-05 
2.500063e-05 3.113921e-03 2.500063e-05 3.139469e-05 
2.500063e-05 3.113921e-03 2.500063e-05 3.139469e-05 
2.500063e-05 3.113921e-03 2.500063e-05 3.139469e-05 
2.500063e-05 3.113921e-03 2.500063e-05 3.139469e-05 
2.500063e-05 3.114879e-03 2.500063e-05 3.140439e-05 
2.500063e-05 3.113921e-03 2.500063e-05 3.139469e-05 
2.500063e-05 3.113921e-03 2.500063e-05 3.139469e-05 
2.500063e-05 3.113902e-03 2.500063e-05 3.139450e-05 
2.500063e-05 3.113691e-03 2.500063e-05 3.139236e-05 
2.500063e-05 3.113921e-03 2.500063e-05 3.139470e-05 
2.500064e-05 3.113922e-03 2.500064e-05 3.139471e-05 
2.500064e-05 3.113923e-03 2.500064e-05 3.139472e-05 
2.500065e-05 3.113925e-03 2.500065e-05 3.139474e-05 
2.500067e-05 3.113930e-03 2.500067e-05 3.139479e-05 
2.500071e-05 3.113939e-03 2.500071e-05 3.139488e-05 
2.500078e-05 3.113958e-03 2.500078e-05 3.139507e-05 
2.500093e-05 3.113994e-03 2.500093e-05 3.139544e-05 
2.500123e-05 3.114068e-03 2.500123e-05 3.139618e-05 
2.500182e-05 3.114215e-03 2.500182e-05 3.139767e-05 
2.500301e-05 3.114509e-03 2.500301e-05 3.140064e-05 
2.500539e-05 3.115096e-03 2.500539e-05 3.140660e-05 
2.501015e-05 3.116272e-03 2.501015e-05 3.141850e-05 
2.501968e-05 3.118625e-03 2.501968e-05 3.144232e-05 
2.503872e-05 3.123334e-03 2.503872e-05 3.149000e-05 
2.507681e-05 3.132766e-03 2.507681e-05 3.158550e-05 
2.515298e-05 3.151687e-03 2.515298e-05 3.177707e-05 
2.530533e-05 3.189759e-03 2.530533e-05 3.216254e-05 
2.561002e-05 3.266819e-03 2.561002e-05 3.294276e-05 
2.621941e-05 3.424606e-03 2.621941e-05 3.454034e-05 
2.644515e-05 3.483531e-03 2.644515e-05 3.513724e-05 
2.667293e-05 3.543492e-03 2.667293e-05 3.574471e-05 
2.696176e-05 3.620344e-03 2.696176e-05 3.652336e-05 
2.739964e-05 3.738734e-03 2.739964e-05 3.772295e-05 
2.770145e-05 3.821212e-03 2.770145e-05 3.855890e-05 
2.798101e-05 3.898367e-03 2.798101e-05 3.934103e-05 
2.824483e-05 3.971856e-03 2.824483e-05 4.008610e-05 
2.847712e-05 4.037081e-03 2.847712e-05 4.074749e-05 
2.870238e-05 4.100828e-03 2.870238e-05 4.139395e-05 
2.894136e-05 4.169011e-03 2.894136e-05 4.208548e-05 
2.919684e-05 4.242538e-03 2.919684e-05 4.283130e-05 
2.945620e-05 4.317836e-03 2.945620e-05 4.359517e-05 
2.970883e-05 4.391799e-03 2.970883e-05 4.434560e-05 
2.995700e-05 4.465053e-03 2.995700e-05 4.508892e-05 
3.020836e-05 4.539862e-03 3.020836e-05 4.584813e-05 
3.046668e-05 4.617391e-03 3.046668e-05 4.663503e-05 
3.072972e-05 4.697010e-03 3.072972e-05 4.744324e-05 
3.099345e-05 4.777508e-03 3.099345e-05 4.826048e-05 
3.125674e-05 4.858546e-03 3.125674e-05 4.908331e-05 
3.152147e-05 4.940708e-03 3.152147e-05 4.991766e-05 
3.178959e-05 5.024615e-03 3.178959e-05 5.076985e-05 
3.206119e-05 5.110331e-03 3.206119e-05 5.164052e-05 
3.233515e-05 5.197514e-03 3.233515e-05 5.252621e-05 
3.261062e-05 5.285916e-03 3.261062e-05 5.342440e-05 
3.288784e-05 5.375623e-03 3.288784e-05 5.433597e-05 
3.316750e-05 5.466875e-03 3.316750e-05 5.526337e-05 
3.344992e-05 5.559800e-03 3.344992e-05 5.620791e-05 
3.373489e-05 5.654351e-03 3.373489e-05 5.716911e-05 
3.402210e-05 5.750440e-03 3.402210e-05 5.814607e-05 
3.431146e-05 5.848062e-03 3.431146e-05 5.913876e-05 
3.460318e-05 5.947300e-03 3.460318e-05 6.014803e-05 
3.489743e-05 6.048235e-03 3.489743e-05 6.117470e-05 
3.519423e-05 6.150897e-03 3.519423e-05 6.221909e-05 
3.549350e-05 6.255277e-03 3.549350e-05 6.328111e-05 
3.579519e-05 6.361379e-03 3.579519e-05 6.436081e-05 
3.609933e-05 6.469239e-03 3.609933e-05 6.545856e-05 
3.640601e-05 6.578905e-03 3.640601e-05 6.657487e-05 
3.671528e-05 6.690418e-03 3.671528e-05 6.771013e-05 
3.702712e-05 6.803798e-03 3.702712e-05 6.886459e-05 
3.734154e-05 6.919067e-03 3.734154e-05 7.003845e-05 
3.765854e-05 7.036251e-03 3.765854e-05 7.123201e-05 
3.797816e-05 7.155389e-03 3.797816e-05 7.244565e-05 
3.830044e-05 7.276517e-03 3.830044e-05 7.367975e-05 
3.862539e-05 7.399667e-03 3.862539e-05 7.493466e-05 
3.895303e-05 7.524869e-03 3.895303e-05 7.621067e-05 
3.928338e-05 7.652153e-03 3.928338e-05 7.750812e-05 
3.961645e-05 7.781555e-03 3.961645e-05 7.882737e-05 
3.995227e-05 7.913111e-03 3.995227e-05 8.016880e-05 
4.029087e-05 8.046857e-03 4.029087e-05 8.153278e-05 
4.063227e-05 8.182827e-03 4.063227e-05 8.291968e-05 
4.097648e-05 8.321056e-03 4.097648e-05 8.432985e-05 
4.132353e-05 8.461582e-03 4.132353e-05 8.576369e-05 
4.167344e-05 8.604441e-03 4.167344e-05 8.722159e-05 
4.202624e-05 8.749672e-03 4.202624e-05 8.870394e-05 
4.238194e-05 8.897312e-03 4.238194e-05 9.021116e-05 
4.274057e-05 9.047402e-03 4.274057e-05 9.174364e-05 
4.310215e-05 9.199980e-03 4.310215e-05 9.330180e-05 
4.346670e-05 9.355086e-03 4.346670e-05 9.488606e-05 
4.383426e-05 9.512761e-03 4.383426e-05 9.649685e-05 
4.420483e-05 9.673048e-03 4.420483e-05 9.813461e-05 
4.457845e-05 9.835987e-03 4.457845e-05 9.979977e-05 
4.495513e-05 1.000162e-02 4.495513e-05 1.014928e-04 
4.533491e-05 1.016999e-02 4.533491e-05 1.032141e-04 
4.571780e-05 1.034115e-02 4.571780e-05 1.049642e-04 
4.610384e-05 1.051513e-02 4.610384e-05 1.067436e-04 
4.649303e-05 1.069199e-02 4.649303e-05 1.085527e-04 
4.688542e-05 1.087177e-02 4.688542e-05 1.103919e-04 
4.728101e-05 1.105451e-02 4.728101e-05 1.122619e-04 
4.767985e-05 1.124026e-02 4.767985e-05 1.141631e-04 
4.808194e-05 1.142908e-02 4.808194e-05 1.160960e-04 
4.848733e-05 1.162101e-02 4.848733e-05 1.180611e-04 
4.889602e-05 1.181609e-02 4.889602e-05 1.200590e-04 
4.930806e-05 1.201439e-02 4.930806e-05 1.220902e-04 
4.980628e-05 1.225655e-02 4.980628e-05 1.245710e-04 
5.000000e-05 1.235104e-02 5.000000e-05 1.255394e-04 
5.009074e-05 1.239537e-02 5.009074e-05 1.259938e-04 
5.027222e-05 1.248435e-02 5.027222e-05 1.269059e-04 
5.059701e-05 1.264463e-02 5.059701e-05 1.285489e-04 
5.124660e-05 1.296931e-02 5.124660e-05 1.318769e-04 
5.168474e-05 1.319008e-02 5.168474e-05 1.341409e-04 
5.211375e-05 1.340799e-02 5.211375e-05 1.363760e-04 
5.259178e-05 1.365299e-02 5.259178e-05 1.388894e-04 
5.306694e-05 1.389865e-02 5.306694e-05 1.414103e-04 
5.350957e-05 1.412935e-02 5.350957e-05 1.437782e-04 
5.393867e-05 1.435474e-02 5.393867e-05 1.460921e-04 
5.438070e-05 1.458877e-02 5.438070e-05 1.484952e-04 
5.484363e-05 1.483591e-02 5.484363e-05 1.510334e-04 
5.531590e-05 1.509014e-02 5.531590e-05 1.536451e-04 
5.578394e-05 1.534417e-02 5.578394e-05 1.562552e-04 
5.624707e-05 1.559756e-02 5.624707e-05 1.588595e-04 
5.671334e-05 1.585473e-02 5.671334e-05 1.615032e-04 
5.718842e-05 1.611888e-02 5.718842e-05 1.642193e-04 
5.767112e-05 1.638948e-02 5.767112e-05 1.670023e-04 
5.815692e-05 1.666405e-02 5.815692e-05 1.698267e-04 
5.864370e-05 1.694140e-02 5.864370e-05 1.726805e-04 
5.913298e-05 1.722243e-02 5.913298e-05 1.755730e-04 
5.962715e-05 1.750858e-02 5.962715e-05 1.785187e-04 
6.012683e-05 1.780028e-02 6.012683e-05 1.815222e-04 
6.063095e-05 1.809696e-02 6.063095e-05 1.845778e-04 
6.114223e-05 1.840031e-02 6.114223e-05 1.877029e-04 
6.166634e-05 1.871386e-02 6.166634e-05 1.909340e-04 
6.221174e-05 1.904297e-02 6.221174e-05 1.943260e-04 
6.279167e-05 1.939607e-02 6.279167e-05 1.979663e-04 
6.343198e-05 1.978981e-02 6.343198e-05 2.020267e-04 
6.421011e-05 2.027405e-02 6.421011e-05 2.070215e-04 
6.521011e-05 2.090587e-02 6.521011e-05 2.135404e-04 
6.621011e-05 2.154707e-02 6.621011e-05 2.201593e-04 
6.721011e-05 2.219762e-02 6.721011e-05 2.268781e-04 
6.821011e-05 2.285753e-02 6.821011e-05 2.336968e-04 
6.921011e-05 2.352677e-02 6.921011e-05 2.406155e-04 
7.021011e-05 2.420535e-02 7.021011e-05 2.476341e-04 
7.121011e-05 2.489324e-02 7.121011e-05 2.547526e-04 
7.221011e-05 2.559045e-02 7.221011e-05 2.619711e-04 
7.321011e-05 2.629696e-02 7.321011e-05 2.692895e-04 
7.421011e-05 2.701276e-02 7.421011e-05 2.767078e-04 
7.521011e-05 2.773785e-02 7.521011e-05 2.842261e-04 
7.621011e-05 2.847221e-02 7.621011e-05 2.918442e-04 
7.721011e-05 2.921584e-02 7.721011e-05 2.995623e-04 
7.821011e-05 2.996873e-02 7.821011e-05 3.073803e-04 
7.921011e-05 3.073086e-02 7.921011e-05 3.152983e-04 
8.021011e-05 3.150223e-02 8.021011e-05 3.233161e-04 
8.121011e-05 3.228283e-02 8.121011e-05 3.314339e-04 
8.221011e-05 3.307265e-02 8.221011e-05 3.396516e-04 
8.321011e-05 3.387168e-02 8.321011e-05 3.479692e-04 
8.421011e-05 3.467991e-02 8.421011e-05 3.563867e-04 
8.521011e-05 3.549733e-02 8.521011e-05 3.649042e-04 
8.621011e-05 3.632393e-02 8.621011e-05 3.735215e-04 
8.721011e-05 3.715971e-02 8.721011e-05 3.822388e-04 
8.821011e-05 3.800465e-02 8.821011e-05 3.910560e-04 
8.921011e-05 3.885875e-02 8.921011e-05 3.999731e-04 
9.021011e-05 3.972199e-02 9.021011e-05 4.089901e-04 
9.121011e-05 4.059437e-02 9.121011e-05 4.181070e-04 
9.221011e-05 4.147587e-02 9.221011e-05 4.273239e-04 
9.321011e-05 4.236650e-02 9.321011e-05 4.366406e-04 
9.421011e-05 4.326623e-02 9.421011e-05 4.460572e-04 
9.521011e-05 4.417507e-02 9.521011e-05 4.555738e-04 
9.621011e-05 4.509299e-02 9.621011e-05 4.651902e-04 
9.721011e-05 4.602000e-02 9.721011e-05 4.749066e-04 
9.821011e-05 4.695608e-02 9.821011e-05 4.847229e-04 
9.921011e-05 4.790123e-02 9.921011e-05 4.946390e-04 
9.922213e-05 4.791258e-02 9.922213e-05 4.947582e-04 
9.924615e-05 4.793527e-02 9.924615e-05 4.949966e-04 
9.929421e-05 4.798068e-02 9.929421e-05 4.954735e-04 
9.939032e-05 4.807159e-02 9.939032e-05 4.964282e-04 
9.958253e-05 4.825377e-02 9.958253e-05 4.983414e-04 
9.996696e-05 4.861952e-02 9.996696e-05 5.021825e-04 
9.997307e-05 4.862533e-02 9.997307e-05 5.022436e-04 
9.998529e-05 4.863695e-02 9.998529e-05 5.023657e-04 
9.998548e-05 4.863714e-02 9.998548e-05 5.023676e-04 
9.998587e-05 4.863751e-02 9.998587e-05 5.023715e-04 
9.998665e-05 4.863825e-02 9.998665e-05 5.023793e-04 
9.998820e-05 4.863972e-02 9.998820e-05 5.023948e-04 
9.999131e-05 4.864269e-02 9.999131e-05 5.024259e-04 
9.999752e-05 4.864859e-02 9.999752e-05 5.024879e-04 
9.999762e-05 4.864868e-02 9.999762e-05 5.024889e-04 
9.999782e-05 4.864887e-02 9.999782e-05 5.024909e-04 
9.999821e-05 4.864925e-02 9.999821e-05 5.024948e-04 
9.999900e-05 4.865000e-02 9.999900e-05 5.025027e-04 
9.999901e-05 4.865001e-02 9.999901e-05 5.025028e-04 
9.999904e-05 4.865003e-02 9.999904e-05 5.025031e-04 
9.999909e-05 4.865008e-02 9.999909e-05 5.025036e-04 
9.999919e-05 4.865018e-02 9.999919e-05 5.025046e-04 
9.999939e-05 4.865037e-02 9.999939e-05 5.025066e-04 
9.999979e-05 4.865075e-02 9.999979e-05 5.025106e-04 
9.999980e-05 4.865076e-02 9.999980e-05 5.025107e-04 
9.999981e-05 4.865077e-02 9.999981e-05 5.025108e-04 
9.999984e-05 4.865079e-02 9.999984e-05 5.025111e-04 
9.999989e-05 4.865084e-02 9.999989e-05 5.025116e-04 
9.999999e-05 4.865094e-02 9.999999e-05 5.025126e-04 
9.999999e-05 4.865094e-02 9.999999e-05 5.025126e-04 
9.999999e-05 4.865094e-02 9.999999e-05 5.025126e-04 
9.999999e-05 4.865094e-02 9.999999e-05 5.025126e-04 
1.000000e-04 4.865094e-02 1.000000e-04 5.025126e-04 
1.000000e-04 4.865094e-02 1.000000e-04 5.025127e-04 
1.000000e-04 4.865094e-02 1.000000e-04 5.025127e-04 
1.000000e-04 4.865094e-02 1.000000e-04 5.025127e-04 
1.000000e-04 4.865095e-02 1.000000e-04 5.025127e-04 
1.000000e-04 4.865095e-02 1.000000e-04 5.025127e-04 
1.000000e-04 4.865095e-02 1.000000e-04 5.025127e-04 
1.000000e-04 4.865095e-02 1.000000e-04 5.025127e-04 
1.000000e-04 4.865095e-02 1.000000e-04 5.025127e-04 
1.000000e-04 4.865095e-02 1.000000e-04 5.025127e-04 
1.000000e-04 4.865095e-02 1.000000e-04 5.025127e-04 
1.000000e-04 4.865095e-02 1.000000e-04 5.025127e-04 
1.000000e-04 4.865095e-02 1.000000e-04 5.025127e-04 
1.000000e-04 4.865095e-02 1.000000e-04 5.025127e-04 
1.000000e-04 4.865095e-02 1.000000e-04 5.025127e-04 
1.000000e-04 4.865095e-02 1.000000e-04 5.025127e-04 
1.000000e-04 4.865095e-02 1.000000e-04 5.025127e-04 
1.000000e-04 4.865095e-02 1.000000e-04 5.025127e-04 
1.000000e-04 4.865095e-02 1.000000e-04 5.025127e-04 
1.000000e-04 4.865095e-02 1.000000e-04 5.025127e-04 
1.000000e-04 4.865095e-02 1.000000e-04 5.025127e-04 
1.000000e-04 4.865095e-02 1.000000e-04 5.025127e-04 
1.000000e-04 4.865095e-02 1.000000e-04 5.025127e-04 
1.000000e-04 4.865095e-02 1.000000e-04 5.025127e-04 
1.000000e-04 4.865095e-02 1.000000e-04 5.025127e-04 
1.000000e-04 4.865095e-02 1.000000e-04 5.025127e-04 
1.000000e-04 4.865095e-02 1.000000e-04 5.025127e-04 
1.000000e-04 4.865095e-02 1.000000e-04 5.025127e-04 
1.000000e-04 4.865095e-02 1.000000e-04 5.025127e-04 
1.000000e-04 4.865095e-02 1.000000e-04 5.025127e-04 
