1.000000e-08 -1.000000e-09 1.000000e-08 -1.000000e-11 
1.000012e-08 -1.000012e-09 1.000012e-08 -1.000012e-11 
1.000036e-08 -1.000036e-09 1.000036e-08 -1.000036e-11 
1.000084e-08 -1.000084e-09 1.000084e-08 -1.000084e-11 
1.000180e-08 -1.000180e-09 1.000180e-08 -1.000180e-11 
1.000372e-08 -1.000372e-09 1.000372e-08 -1.000372e-11 
1.000756e-08 -1.000756e-09 1.000756e-08 -1.000756e-11 
1.001524e-08 -1.001526e-09 1.001524e-08 -1.001526e-11 
1.003060e-08 -1.003066e-09 1.003060e-08 -1.003066e-11 
1.006132e-08 -1.006157e-09 1.006132e-08 -1.006157e-11 
1.012276e-08 -1.012376e-09 1.012276e-08 -1.012377e-11 
1.024564e-08 -1.024966e-09 1.024564e-08 -1.024966e-11 
1.049140e-08 -1.050750e-09 1.049140e-08 -1.050750e-11 
1.098292e-08 -1.104732e-09 1.098292e-08 -1.104733e-11 
1.196596e-08 -1.222361e-09 1.196596e-08 -1.222363e-11 
1.212611e-08 -1.241781e-09 1.212611e-08 -1.241783e-11 
1.229607e-08 -1.262679e-09 1.229607e-08 -1.262681e-11 
1.247281e-08 -1.284723e-09 1.247281e-08 -1.284726e-11 
1.261477e-08 -1.302631e-09 1.261477e-08 -1.302634e-11 
1.273894e-08 -1.318449e-09 1.273894e-08 -1.318452e-11 
1.286848e-08 -1.335119e-09 1.286848e-08 -1.335122e-11 
1.300012e-08 -1.352232e-09 1.300012e-08 -1.352235e-11 
1.300318e-08 -1.352629e-09 1.300318e-08 -1.352633e-11 
1.300929e-08 -1.353425e-09 1.300929e-08 -1.353428e-11 
1.302152e-08 -1.355017e-09 1.302152e-08 -1.355020e-11 
1.304598e-08 -1.358208e-09 1.304598e-08 -1.358211e-11 
1.309489e-08 -1.364613e-09 1.309489e-08 -1.364616e-11 
1.319271e-08 -1.377518e-09 1.319271e-08 -1.377522e-11 
1.338836e-08 -1.403712e-09 1.338836e-08 -1.403716e-11 
1.377966e-08 -1.457631e-09 1.377966e-08 -1.457636e-11 
1.379652e-08 -1.459958e-09 1.379652e-08 -1.459962e-11 
1.383025e-08 -1.464622e-09 1.383025e-08 -1.464626e-11 
1.387061e-08 -1.470220e-09 1.387061e-08 -1.470225e-11 
1.390849e-08 -1.475489e-09 1.390849e-08 -1.475493e-11 
1.394463e-08 -1.480528e-09 1.394463e-08 -1.480533e-11 
1.401692e-08 -1.490660e-09 1.401692e-08 -1.490665e-11 
1.403560e-08 -1.493282e-09 1.403560e-08 -1.493287e-11 
1.406751e-08 -1.497772e-09 1.406751e-08 -1.497777e-11 
1.413135e-08 -1.506793e-09 1.413135e-08 -1.506797e-11 
1.425901e-08 -1.524996e-09 1.425901e-08 -1.525001e-11 
1.451434e-08 -1.562055e-09 1.451434e-08 -1.562061e-11 
1.502500e-08 -1.638782e-09 1.502500e-08 -1.638788e-11 
1.604633e-08 -1.802665e-09 1.604633e-08 -1.802673e-11 
1.808898e-08 -2.172155e-09 1.808898e-08 -2.172167e-11 
2.217427e-08 -3.078031e-09 2.217427e-08 -3.078051e-11 
3.034486e-08 -5.557360e-09 3.034486e-08 -5.557405e-11 
4.668604e-08 -1.318632e-08 4.668604e-08 -1.318645e-10 
7.936840e-08 -3.912536e-08 7.936840e-08 -3.912592e-10 
1.447331e-07 -1.337272e-07 1.447331e-07 -1.337303e-09 
2.754626e-07 -4.938204e-07 2.754626e-07 -4.938408e-09 
2.802555e-07 -5.072505e-07 2.802555e-07 -5.072733e-09 
2.853853e-07 -5.218876e-07 2.853853e-07 -5.219129e-09 
2.913556e-07 -5.392793e-07 2.913556e-07 -5.393077e-09 
2.961584e-07 -5.535007e-07 2.961584e-07 -5.535317e-09 
3.010458e-07 -5.682111e-07 3.010458e-07 -5.682447e-09 
3.071540e-07 -5.869692e-07 3.071540e-07 -5.870062e-09 
3.131207e-07 -6.056489e-07 3.131207e-07 -6.056894e-09 
3.189218e-07 -6.241463e-07 3.189218e-07 -6.241904e-09 
3.219576e-07 -6.339183e-07 3.219576e-07 -6.339642e-09 
3.247483e-07 -6.429792e-07 3.247483e-07 -6.430268e-09 
3.280757e-07 -6.538937e-07 3.280757e-07 -6.539435e-09 
3.323707e-07 -6.681661e-07 3.323707e-07 -6.682186e-09 
3.362823e-07 -6.813176e-07 3.362823e-07 -6.813727e-09 
3.409791e-07 -6.973295e-07 3.409791e-07 -6.973879e-09 
3.467521e-07 -7.173434e-07 3.467521e-07 -7.174057e-09 
3.506322e-07 -7.309455e-07 3.506322e-07 -7.310105e-09 
3.552905e-07 -7.474925e-07 3.552905e-07 -7.475610e-09 
3.596703e-07 -7.632419e-07 3.596703e-07 -7.633136e-09 
3.640066e-07 -7.790232e-07 3.640066e-07 -7.790981e-09 
3.674031e-07 -7.914993e-07 3.674031e-07 -7.915768e-09 
3.704384e-07 -8.027410e-07 3.704384e-07 -8.028209e-09 
3.736747e-07 -8.148316e-07 3.736747e-07 -8.149141e-09 
3.773025e-07 -8.285164e-07 3.773025e-07 -8.286018e-09 
3.811066e-07 -8.430110e-07 3.811066e-07 -8.430996e-09 
3.847626e-07 -8.570749e-07 3.847626e-07 -8.571665e-09 
3.882490e-07 -8.706078e-07 3.882490e-07 -8.707024e-09 
3.917441e-07 -8.842965e-07 3.917441e-07 -8.843941e-09 
3.953733e-07 -8.986422e-07 3.953733e-07 -8.987430e-09 
3.991183e-07 -9.135857e-07 3.991183e-07 -9.136898e-09 
4.028800e-07 -9.287373e-07 4.028800e-07 -9.288448e-09 
4.066069e-07 -9.438880e-07 4.066069e-07 -9.439989e-09 
4.103313e-07 -9.591665e-07 4.103313e-07 -9.592809e-09 
4.141051e-07 -9.747905e-07 4.141051e-07 -9.749085e-09 
4.179435e-07 -9.908292e-07 4.179435e-07 -9.909509e-09 
4.218234e-07 -1.007192e-06 4.218234e-07 -1.007317e-08 
4.257198e-07 -1.023776e-06 4.257198e-07 -1.023905e-08 
4.296318e-07 -1.040579e-06 4.296318e-07 -1.040712e-08 
4.335750e-07 -1.057671e-06 4.335750e-07 -1.057809e-08 
4.375603e-07 -1.075105e-06 4.375603e-07 -1.075247e-08 
4.415855e-07 -1.092876e-06 4.415855e-07 -1.093021e-08 
4.456422e-07 -1.110950e-06 4.456422e-07 -1.111100e-08 
4.497268e-07 -1.129315e-06 4.497268e-07 -1.129469e-08 
4.538424e-07 -1.147988e-06 4.538424e-07 -1.148148e-08 
4.579939e-07 -1.166997e-06 4.579939e-07 -1.167161e-08 
4.621826e-07 -1.186352e-06 4.621826e-07 -1.186521e-08 
4.664067e-07 -1.206048e-06 4.664067e-07 -1.206222e-08 
4.706643e-07 -1.226082e-06 4.706643e-07 -1.226261e-08 
4.749559e-07 -1.246460e-06 4.749559e-07 -1.246644e-08 
4.792830e-07 -1.267194e-06 4.792830e-07 -1.267383e-08 
4.836469e-07 -1.288294e-06 4.836469e-07 -1.288489e-08 
4.880477e-07 -1.309766e-06 4.880477e-07 -1.309967e-08 
4.924849e-07 -1.331613e-06 4.924849e-07 -1.331819e-08 
4.969584e-07 -1.353839e-06 4.969584e-07 -1.354051e-08 
5.014691e-07 -1.376452e-06 5.014691e-07 -1.376670e-08 
5.060174e-07 -1.399461e-06 5.060174e-07 -1.399686e-08 
5.106040e-07 -1.422874e-06 5.106040e-07 -1.423105e-08 
5.152288e-07 -1.446696e-06 5.152288e-07 -1.446933e-08 
5.198922e-07 -1.470934e-06 5.198922e-07 -1.471178e-08 
5.245944e-07 -1.495594e-06 5.245944e-07 -1.495845e-08 
5.293359e-07 -1.520686e-06 5.293359e-07 -1.520943e-08 
5.341172e-07 -1.546216e-06 5.341172e-07 -1.546481e-08 
5.389385e-07 -1.572192e-06 5.389385e-07 -1.572465e-08 
5.438002e-07 -1.598623e-06 5.438002e-07 -1.598903e-08 
5.487026e-07 -1.625514e-06 5.487026e-07 -1.625802e-08 
5.536461e-07 -1.652876e-06 5.536461e-07 -1.653172e-08 
5.586311e-07 -1.680716e-06 5.586311e-07 -1.681019e-08 
5.636580e-07 -1.709042e-06 5.636580e-07 -1.709354e-08 
5.687271e-07 -1.737862e-06 5.687271e-07 -1.738183e-08 
5.738389e-07 -1.767187e-06 5.738389e-07 -1.767516e-08 
5.789936e-07 -1.797023e-06 5.789936e-07 -1.797362e-08 
5.841917e-07 -1.827381e-06 5.841917e-07 -1.827729e-08 
5.894336e-07 -1.858269e-06 5.894336e-07 -1.858626e-08 
5.947197e-07 -1.889696e-06 5.947197e-07 -1.890063e-08 
6.000503e-07 -1.921672e-06 6.000503e-07 -1.922049e-08 
6.054259e-07 -1.954207e-06 6.054259e-07 -1.954594e-08 
6.108468e-07 -1.987310e-06 6.108468e-07 -1.987708e-08 
6.163135e-07 -2.020991e-06 6.163135e-07 -2.021400e-08 
6.218264e-07 -2.055261e-06 6.218264e-07 -2.055680e-08 
6.273858e-07 -2.090128e-06 6.273858e-07 -2.090559e-08 
6.329923e-07 -2.125605e-06 6.329923e-07 -2.126048e-08 
6.386462e-07 -2.161701e-06 6.386462e-07 -2.162156e-08 
6.443479e-07 -2.198428e-06 6.443479e-07 -2.198895e-08 
6.500979e-07 -2.235796e-06 6.500979e-07 -2.236275e-08 
6.558966e-07 -2.273817e-06 6.558966e-07 -2.274309e-08 
6.617445e-07 -2.312501e-06 6.617445e-07 -2.313006e-08 
6.676419e-07 -2.351861e-06 6.676419e-07 -2.352380e-08 
6.735893e-07 -2.391909e-06 6.735893e-07 -2.392441e-08 
6.795872e-07 -2.432655e-06 6.795872e-07 -2.433202e-08 
6.856360e-07 -2.474113e-06 6.856360e-07 -2.474675e-08 
6.917362e-07 -2.516295e-06 6.917362e-07 -2.516871e-08 
6.978882e-07 -2.559214e-06 6.978882e-07 -2.559805e-08 
7.040925e-07 -2.602882e-06 7.040925e-07 -2.603489e-08 
7.103495e-07 -2.647312e-06 7.103495e-07 -2.647935e-08 
7.166597e-07 -2.692518e-06 7.166597e-07 -2.693158e-08 
7.230236e-07 -2.738513e-06 7.230236e-07 -2.739170e-08 
7.294416e-07 -2.785312e-06 7.294416e-07 -2.785986e-08 
7.359143e-07 -2.832927e-06 7.359143e-07 -2.833619e-08 
7.424421e-07 -2.881374e-06 7.424421e-07 -2.882084e-08 
7.490255e-07 -2.930666e-06 7.490255e-07 -2.931395e-08 
7.556650e-07 -2.980819e-06 7.556650e-07 -2.981568e-08 
7.623612e-07 -3.031848e-06 7.623612e-07 -3.032616e-08 
7.691144e-07 -3.083767e-06 7.691144e-07 -3.084556e-08 
7.759252e-07 -3.136593e-06 7.759252e-07 -3.137402e-08 
7.827941e-07 -3.190341e-06 7.827941e-07 -3.191172e-08 
7.897217e-07 -3.245028e-06 7.897217e-07 -3.245880e-08 
7.967084e-07 -3.300669e-06 7.967084e-07 -3.301543e-08 
8.037547e-07 -3.357281e-06 8.037547e-07 -3.358179e-08 
8.108613e-07 -3.414881e-06 8.108613e-07 -3.415803e-08 
8.180286e-07 -3.473487e-06 8.180286e-07 -3.474433e-08 
8.252571e-07 -3.533116e-06 8.252571e-07 -3.534087e-08 
8.325475e-07 -3.593786e-06 8.325475e-07 -3.594782e-08 
8.399002e-07 -3.655515e-06 8.399002e-07 -3.656537e-08 
8.473158e-07 -3.718321e-06 8.473158e-07 -3.719370e-08 
8.547948e-07 -3.782224e-06 8.547948e-07 -3.783301e-08 
8.623378e-07 -3.847242e-06 8.623378e-07 -3.848347e-08 
8.699455e-07 -3.913395e-06 8.699455e-07 -3.914529e-08 
8.776182e-07 -3.980702e-06 8.776182e-07 -3.981866e-08 
8.853567e-07 -4.049185e-06 8.853567e-07 -4.050379e-08 
8.931615e-07 -4.118862e-06 8.931615e-07 -4.120088e-08 
9.010331e-07 -4.189756e-06 9.010331e-07 -4.191013e-08 
9.089722e-07 -4.261887e-06 9.089722e-07 -4.263177e-08 
9.169794e-07 -4.335277e-06 9.169794e-07 -4.336601e-08 
9.250552e-07 -4.409948e-06 9.250552e-07 -4.411307e-08 
9.332003e-07 -4.485922e-06 9.332003e-07 -4.487316e-08 
9.414152e-07 -4.563222e-06 9.414152e-07 -4.564653e-08 
9.497007e-07 -4.641871e-06 9.497007e-07 -4.643339e-08 
9.580572e-07 -4.721892e-06 9.580572e-07 -4.723399e-08 
9.664855e-07 -4.803310e-06 9.664855e-07 -4.804856e-08 
9.749861e-07 -4.886149e-06 9.749861e-07 -4.887736e-08 
9.835597e-07 -4.970434e-06 9.835597e-07 -4.972062e-08 
9.925544e-07 -5.059666e-06 9.925544e-07 -5.061339e-08 
1.000000e-06 -5.134085e-06 1.000000e-06 -5.135795e-08 
1.001799e-06 -5.152097e-06 1.001799e-06 -5.153816e-08 
1.005397e-06 -5.188252e-06 1.005397e-06 -5.189989e-08 
1.012255e-06 -5.257634e-06 1.012255e-06 -5.259406e-08 
1.025970e-06 -5.398279e-06 1.025970e-06 -5.400122e-08 
1.053401e-06 -5.687088e-06 1.053401e-06 -5.689079e-08 
1.108263e-06 -6.294791e-06 1.108263e-06 -6.297090e-08 
1.217987e-06 -7.630521e-06 1.217987e-06 -7.633504e-08 
1.437434e-06 -1.078326e-05 1.437434e-06 -1.078790e-07 
1.876330e-06 -1.901365e-05 1.876330e-06 -1.902298e-07 
1.895410e-06 -1.937493e-05 1.895410e-06 -1.938462e-07 
1.918504e-06 -1.981755e-05 1.918504e-06 -1.982768e-07 
1.949766e-06 -2.042647e-05 1.949766e-06 -2.043721e-07 
1.995455e-06 -2.133723e-05 1.995455e-06 -2.134890e-07 
2.000000e-06 -2.142804e-05 2.000000e-06 -2.143980e-07 
2.001437e-06 -2.145676e-05 2.001437e-06 -2.146855e-07 
2.004310e-06 -2.151428e-05 2.004310e-06 -2.152614e-07 
2.010056e-06 -2.162966e-05 2.010056e-06 -2.164164e-07 
2.021548e-06 -2.186173e-05 2.021548e-06 -2.187395e-07 
2.044532e-06 -2.233115e-05 2.044532e-06 -2.234387e-07 
2.090501e-06 -2.329110e-05 2.090501e-06 -2.330483e-07 
2.182438e-06 -2.529543e-05 2.182438e-06 -2.531128e-07 
2.366312e-06 -2.964182e-05 2.366312e-06 -2.966228e-07 
2.734061e-06 -3.968539e-05 2.734061e-06 -3.971664e-07 
3.469558e-06 -6.517470e-05 3.469558e-06 -6.523485e-07 
3.524737e-06 -6.711603e-05 3.524737e-06 -6.717974e-07 
3.577858e-06 -6.901306e-05 3.577858e-06 -6.908030e-07 
3.633681e-06 -7.103763e-05 3.633681e-06 -7.110869e-07 
3.669102e-06 -7.233474e-05 3.669102e-06 -7.240829e-07 
3.702790e-06 -7.357970e-05 3.702790e-06 -7.365565e-07 
3.740233e-06 -7.497741e-05 3.740233e-06 -7.505609e-07 
3.776200e-06 -7.633288e-05 3.776200e-06 -7.641423e-07 
3.809082e-06 -7.758287e-05 3.809082e-06 -7.766671e-07 
3.841286e-06 -7.881742e-05 3.841286e-06 -7.890373e-07 
3.875011e-06 -8.012161e-05 3.875011e-06 -8.021055e-07 
3.910527e-06 -8.150763e-05 3.910527e-06 -8.159939e-07 
3.946513e-06 -8.292491e-05 3.946513e-06 -8.301957e-07 
3.981892e-06 -8.433071e-05 3.981892e-06 -8.442828e-07 
4.016889e-06 -8.573356e-05 4.016889e-06 -8.583404e-07 
4.052298e-06 -8.716539e-05 4.052298e-06 -8.726889e-07 
4.088510e-06 -8.864276e-05 4.088510e-06 -8.874938e-07 
4.125290e-06 -9.015678e-05 4.125290e-06 -9.026662e-07 
4.162221e-06 -9.169063e-05 4.162221e-06 -9.180377e-07 
4.199192e-06 -9.323973e-05 4.199192e-06 -9.335623e-07 
4.236398e-06 -9.481243e-05 4.236398e-06 -9.493237e-07 
4.274039e-06 -9.641765e-05 4.274039e-06 -9.654111e-07 
4.312127e-06 -9.805638e-05 4.312127e-06 -9.818348e-07 
4.350543e-06 -9.972394e-05 4.350543e-06 -9.985477e-07 
4.389205e-06 -1.014170e-04 4.389205e-06 -1.015517e-06 
4.428137e-06 -1.031371e-04 4.428137e-06 -1.032756e-06 
4.467412e-06 -1.048875e-04 4.467412e-06 -1.050301e-06 
4.507062e-06 -1.066705e-04 4.507062e-06 -1.068172e-06 
4.547069e-06 -1.084853e-04 4.547069e-06 -1.086362e-06 
4.587399e-06 -1.103311e-04 4.587399e-06 -1.104863e-06 
4.628047e-06 -1.122078e-04 4.628047e-06 -1.123674e-06 
4.669033e-06 -1.141168e-04 4.669033e-06 -1.142810e-06 
4.710376e-06 -1.160595e-04 4.710376e-06 -1.162284e-06 
4.752081e-06 -1.180365e-04 4.752081e-06 -1.182102e-06 
4.794139e-06 -1.200479e-04 4.794139e-06 -1.202265e-06 
4.836546e-06 -1.220938e-04 4.836546e-06 -1.222775e-06 
4.879308e-06 -1.241751e-04 4.879308e-06 -1.243639e-06 
4.922433e-06 -1.262926e-04 4.922433e-06 -1.264867e-06 
4.965928e-06 -1.284470e-04 4.965928e-06 -1.286466e-06 
5.009793e-06 -1.306389e-04 5.009793e-06 -1.308441e-06 
5.054029e-06 -1.328688e-04 5.054029e-06 -1.330797e-06 
5.098639e-06 -1.351374e-04 5.098639e-06 -1.353541e-06 
5.143626e-06 -1.374453e-04 5.143626e-06 -1.376680e-06 
5.188996e-06 -1.397933e-04 5.188996e-06 -1.400222e-06 
5.234752e-06 -1.421821e-04 5.234752e-06 -1.424174e-06 
5.280897e-06 -1.446124e-04 5.280897e-06 -1.448542e-06 
5.327433e-06 -1.470849e-04 5.327433e-06 -1.473333e-06 
5.374364e-06 -1.496002e-04 5.374364e-06 -1.498554e-06 
5.421694e-06 -1.521592e-04 5.421694e-06 -1.524215e-06 
5.469426e-06 -1.547626e-04 5.469426e-06 -1.550321e-06 
5.517565e-06 -1.574113e-04 5.517565e-06 -1.576881e-06 
5.566112e-06 -1.601058e-04 5.566112e-06 -1.603902e-06 
5.615073e-06 -1.628471e-04 5.615073e-06 -1.631393e-06 
5.664449e-06 -1.656360e-04 5.664449e-06 -1.659361e-06 
5.714246e-06 -1.684733e-04 5.714246e-06 -1.687815e-06 
5.764466e-06 -1.713597e-04 5.764466e-06 -1.716764e-06 
5.815114e-06 -1.742963e-04 5.815114e-06 -1.746215e-06 
5.866193e-06 -1.772838e-04 5.866193e-06 -1.776178e-06 
5.917707e-06 -1.803231e-04 5.917707e-06 -1.806662e-06 
5.969659e-06 -1.834151e-04 5.969659e-06 -1.837675e-06 
6.022054e-06 -1.865607e-04 6.022054e-06 -1.869226e-06 
6.074895e-06 -1.897609e-04 6.074895e-06 -1.901325e-06 
6.128186e-06 -1.930166e-04 6.128186e-06 -1.933982e-06 
6.181932e-06 -1.963287e-04 6.181932e-06 -1.967206e-06 
6.236135e-06 -1.996982e-04 6.236135e-06 -2.001007e-06 
6.290800e-06 -2.031262e-04 6.290800e-06 -2.035395e-06 
6.345931e-06 -2.066136e-04 6.345931e-06 -2.070379e-06 
6.401532e-06 -2.101614e-04 6.401532e-06 -2.105971e-06 
6.457607e-06 -2.137707e-04 6.457607e-06 -2.142181e-06 
6.514160e-06 -2.174426e-04 6.514160e-06 -2.179020e-06 
6.571196e-06 -2.211781e-04 6.571196e-06 -2.216497e-06 
6.628717e-06 -2.249783e-04 6.628717e-06 -2.254626e-06 
6.686730e-06 -2.288444e-04 6.686730e-06 -2.293416e-06 
6.745237e-06 -2.327775e-04 6.745237e-06 -2.332879e-06 
6.804244e-06 -2.367787e-04 6.804244e-06 -2.373027e-06 
6.863753e-06 -2.408492e-04 6.863753e-06 -2.413872e-06 
6.923771e-06 -2.449903e-04 6.923771e-06 -2.455425e-06 
6.984301e-06 -2.492030e-04 6.984301e-06 -2.497700e-06 
7.045347e-06 -2.534887e-04 7.045347e-06 -2.540707e-06 
7.106915e-06 -2.578487e-04 7.106915e-06 -2.584461e-06 
7.169008e-06 -2.622841e-04 7.169008e-06 -2.628974e-06 
7.231631e-06 -2.667963e-04 7.231631e-06 -2.674259e-06 
7.294788e-06 -2.713867e-04 7.294788e-06 -2.720330e-06 
7.358485e-06 -2.760565e-04 7.358485e-06 -2.767199e-06 
7.422726e-06 -2.808072e-04 7.422726e-06 -2.814881e-06 
7.487515e-06 -2.856401e-04 7.487515e-06 -2.863391e-06 
7.552858e-06 -2.905567e-04 7.552858e-06 -2.912741e-06 
7.618758e-06 -2.955583e-04 7.618758e-06 -2.962947e-06 
7.685221e-06 -3.006466e-04 7.685221e-06 -3.014024e-06 
7.752252e-06 -3.058228e-04 7.752252e-06 -3.065986e-06 
7.819856e-06 -3.110886e-04 7.819856e-06 -3.118848e-06 
7.888037e-06 -3.164455e-04 7.888037e-06 -3.172628e-06 
7.956800e-06 -3.218951e-04 7.956800e-06 -3.227339e-06 
8.026151e-06 -3.274390e-04 8.026151e-06 -3.282999e-06 
8.096094e-06 -3.330788e-04 8.096094e-06 -3.339623e-06 
8.166634e-06 -3.388160e-04 8.166634e-06 -3.397228e-06 
8.237777e-06 -3.446526e-04 8.237777e-06 -3.455832e-06 
8.309528e-06 -3.505900e-04 8.309528e-06 -3.515451e-06 
8.381892e-06 -3.566301e-04 8.381892e-06 -3.576103e-06 
8.454874e-06 -3.627746e-04 8.454874e-06 -3.637806e-06 
8.528480e-06 -3.690254e-04 8.528480e-06 -3.700578e-06 
8.602715e-06 -3.753842e-04 8.602715e-06 -3.764437e-06 
8.677584e-06 -3.818529e-04 8.677584e-06 -3.829403e-06 
8.753092e-06 -3.884334e-04 8.753092e-06 -3.895493e-06 
8.829246e-06 -3.951276e-04 8.829246e-06 -3.962728e-06 
8.906050e-06 -4.019375e-04 8.906050e-06 -4.031127e-06 
8.983511e-06 -4.088650e-04 8.983511e-06 -4.100711e-06 
9.061633e-06 -4.159122e-04 9.061633e-06 -4.171499e-06 
9.140423e-06 -4.230812e-04 9.140423e-06 -4.243513e-06 
9.219886e-06 -4.303740e-04 9.219886e-06 -4.316774e-06 
9.300028e-06 -4.377927e-04 9.300028e-06 -4.391303e-06 
9.380855e-06 -4.453396e-04 9.380855e-06 -4.467122e-06 
9.462372e-06 -4.530167e-04 9.462372e-06 -4.544253e-06 
9.544586e-06 -4.608265e-04 9.544586e-06 -4.622719e-06 
9.627502e-06 -4.687710e-04 9.627502e-06 -4.702542e-06 
9.711127e-06 -4.768527e-04 9.711127e-06 -4.783747e-06 
9.795465e-06 -4.850739e-04 9.795465e-06 -4.866357e-06 
9.880525e-06 -4.934369e-04 9.880525e-06 -4.950396e-06 
9.966311e-06 -5.019443e-04 9.966311e-06 -5.035889e-06 
1.005283e-05 -5.105985e-04 1.005283e-05 -5.122861e-06 
1.014009e-05 -5.194019e-04 1.014009e-05 -5.211337e-06 
1.022809e-05 -5.283573e-04 1.022809e-05 -5.301343e-06 
1.031685e-05 -5.374671e-04 1.031685e-05 -5.392905e-06 
1.040636e-05 -5.467340e-04 1.040636e-05 -5.486051e-06 
1.049664e-05 -5.561608e-04 1.049664e-05 -5.580807e-06 
1.058769e-05 -5.657501e-04 1.058769e-05 -5.677201e-06 
1.067951e-05 -5.755047e-04 1.067951e-05 -5.775262e-06 
1.077212e-05 -5.854275e-04 1.077212e-05 -5.875017e-06 
1.086552e-05 -5.955214e-04 1.086552e-05 -5.976497e-06 
1.095972e-05 -6.057892e-04 1.095972e-05 -6.079730e-06 
1.105472e-05 -6.162339e-04 1.105472e-05 -6.184748e-06 
1.115054e-05 -6.268587e-04 1.115054e-05 -6.291580e-06 
1.124717e-05 -6.376665e-04 1.124717e-05 -6.400257e-06 
1.134463e-05 -6.486604e-04 1.134463e-05 -6.510812e-06 
1.144292e-05 -6.598438e-04 1.144292e-05 -6.623277e-06 
1.154204e-05 -6.712198e-04 1.154204e-05 -6.737684e-06 
1.164202e-05 -6.827916e-04 1.164202e-05 -6.854067e-06 
1.174285e-05 -6.945628e-04 1.174285e-05 -6.972460e-06 
1.184453e-05 -7.065365e-04 1.184453e-05 -7.092897e-06 
1.194709e-05 -7.187165e-04 1.194709e-05 -7.215413e-06 
1.205052e-05 -7.311060e-04 1.205052e-05 -7.340045e-06 
1.215483e-05 -7.437088e-04 1.215483e-05 -7.466828e-06 
1.226003e-05 -7.565284e-04 1.226003e-05 -7.595799e-06 
1.236613e-05 -7.695686e-04 1.236613e-05 -7.726995e-06 
1.247314e-05 -7.828332e-04 1.247314e-05 -7.860456e-06 
1.258106e-05 -7.963259e-04 1.258106e-05 -7.996219e-06 
1.268989e-05 -8.100507e-04 1.268989e-05 -8.134325e-06 
1.279966e-05 -8.240114e-04 1.279966e-05 -8.274813e-06 
1.291036e-05 -8.382123e-04 1.291036e-05 -8.417724e-06 
1.302201e-05 -8.526572e-04 1.302201e-05 -8.563100e-06 
1.313461e-05 -8.673505e-04 1.313461e-05 -8.710984e-06 
1.324816e-05 -8.822963e-04 1.324816e-05 -8.861416e-06 
1.336269e-05 -8.974989e-04 1.336269e-05 -9.014443e-06 
1.347819e-05 -9.129628e-04 1.347819e-05 -9.170108e-06 
1.359468e-05 -9.286923e-04 1.359468e-05 -9.328456e-06 
1.371215e-05 -9.446920e-04 1.371215e-05 -9.489533e-06 
1.383063e-05 -9.609664e-04 1.383063e-05 -9.653385e-06 
1.395012e-05 -9.775204e-04 1.395012e-05 -9.820062e-06 
1.407063e-05 -9.943586e-04 1.407063e-05 -9.989609e-06 
1.419216e-05 -1.011486e-03 1.419216e-05 -1.016208e-05 
1.431473e-05 -1.028907e-03 1.431473e-05 -1.033752e-05 
1.443834e-05 -1.046627e-03 1.443834e-05 -1.051598e-05 
1.456300e-05 -1.064651e-03 1.456300e-05 -1.069751e-05 
1.468873e-05 -1.082985e-03 1.468873e-05 -1.088217e-05 
1.481552e-05 -1.101633e-03 1.481552e-05 -1.107001e-05 
1.494340e-05 -1.120601e-03 1.494340e-05 -1.126108e-05 
1.507236e-05 -1.139894e-03 1.507236e-05 -1.145545e-05 
1.520242e-05 -1.159518e-03 1.520242e-05 -1.165315e-05 
1.533358e-05 -1.179478e-03 1.533358e-05 -1.185426e-05 
1.546586e-05 -1.199780e-03 1.546586e-05 -1.205883e-05 
1.559927e-05 -1.220431e-03 1.559927e-05 -1.226692e-05 
1.573381e-05 -1.241435e-03 1.573381e-05 -1.247858e-05 
1.586949e-05 -1.262799e-03 1.586949e-05 -1.269389e-05 
1.600633e-05 -1.284529e-03 1.600633e-05 -1.291290e-05 
1.614433e-05 -1.306631e-03 1.614433e-05 -1.313568e-05 
1.628351e-05 -1.329111e-03 1.628351e-05 -1.336228e-05 
1.642386e-05 -1.351977e-03 1.642386e-05 -1.359278e-05 
1.656541e-05 -1.375234e-03 1.656541e-05 -1.382725e-05 
1.670816e-05 -1.398889e-03 1.670816e-05 -1.406574e-05 
1.685213e-05 -1.422948e-03 1.685213e-05 -1.430833e-05 
1.699732e-05 -1.447419e-03 1.699732e-05 -1.455509e-05 
1.714373e-05 -1.472309e-03 1.714373e-05 -1.480608e-05 
1.729140e-05 -1.497625e-03 1.729140e-05 -1.506139e-05 
1.744031e-05 -1.523373e-03 1.744031e-05 -1.532108e-05 
1.759049e-05 -1.549561e-03 1.759049e-05 -1.558523e-05 
1.774195e-05 -1.576198e-03 1.774195e-05 -1.585391e-05 
1.789468e-05 -1.603289e-03 1.789468e-05 -1.612721e-05 
1.804872e-05 -1.630843e-03 1.804872e-05 -1.640520e-05 
1.820406e-05 -1.658868e-03 1.820406e-05 -1.668795e-05 
1.836072e-05 -1.687371e-03 1.836072e-05 -1.697556e-05 
1.851870e-05 -1.716362e-03 1.851870e-05 -1.726810e-05 
1.867803e-05 -1.745847e-03 1.867803e-05 -1.756566e-05 
1.883870e-05 -1.775836e-03 1.883870e-05 -1.786833e-05 
1.900074e-05 -1.806336e-03 1.900074e-05 -1.817618e-05 
1.916415e-05 -1.837357e-03 1.916415e-05 -1.848931e-05 
1.932894e-05 -1.868907e-03 1.932894e-05 -1.880780e-05 
1.949513e-05 -1.900995e-03 1.949513e-05 -1.913176e-05 
1.966272e-05 -1.933630e-03 1.966272e-05 -1.946127e-05 
1.983174e-05 -1.966822e-03 1.983174e-05 -1.979642e-05 
2.000218e-05 -2.000579e-03 2.000218e-05 -2.013731e-05 
2.017407e-05 -2.034912e-03 2.017407e-05 -2.048404e-05 
2.034741e-05 -2.069829e-03 2.034741e-05 -2.083671e-05 
2.052222e-05 -2.105342e-03 2.052222e-05 -2.119542e-05 
2.069850e-05 -2.141459e-03 2.069850e-05 -2.156026e-05 
2.087628e-05 -2.178191e-03 2.087628e-05 -2.193135e-05 
2.105556e-05 -2.215549e-03 2.105556e-05 -2.230880e-05 
2.123635e-05 -2.253542e-03 2.123635e-05 -2.269269e-05 
2.141867e-05 -2.292182e-03 2.141867e-05 -2.308316e-05 
2.160253e-05 -2.331479e-03 2.160253e-05 -2.348030e-05 
2.178795e-05 -2.371445e-03 2.178795e-05 -2.388424e-05 
2.197493e-05 -2.412090e-03 2.197493e-05 -2.429508e-05 
2.216348e-05 -2.453426e-03 2.216348e-05 -2.471295e-05 
2.235363e-05 -2.495465e-03 2.235363e-05 -2.513795e-05 
2.254539e-05 -2.538218e-03 2.254539e-05 -2.557022e-05 
2.273876e-05 -2.581698e-03 2.273876e-05 -2.600987e-05 
2.293376e-05 -2.625916e-03 2.293376e-05 -2.645704e-05 
2.313041e-05 -2.670885e-03 2.313041e-05 -2.691184e-05 
2.332871e-05 -2.716617e-03 2.332871e-05 -2.737440e-05 
2.352869e-05 -2.763125e-03 2.352869e-05 -2.784486e-05 
2.373035e-05 -2.810423e-03 2.373035e-05 -2.832336e-05 
2.393371e-05 -2.858523e-03 2.393371e-05 -2.881001e-05 
2.413878e-05 -2.907438e-03 2.413878e-05 -2.930497e-05 
2.434558e-05 -2.957184e-03 2.434558e-05 -2.980838e-05 
2.455412e-05 -3.007772e-03 2.455412e-05 -3.032036e-05 
2.476441e-05 -3.059218e-03 2.476441e-05 -3.084108e-05 
2.497648e-05 -3.111535e-03 2.497648e-05 -3.137068e-05 
2.519032e-05 -3.164738e-03 2.519032e-05 -3.190930e-05 
2.540597e-05 -3.218843e-03 2.540597e-05 -3.245710e-05 
2.544254e-05 -3.228028e-03 2.544254e-05 -3.255012e-05 
2.551567e-05 -3.246452e-03 2.551567e-05 -3.273670e-05 
2.552272e-05 -3.248229e-03 2.552272e-05 -3.275469e-05 
2.553682e-05 -3.251783e-03 2.553682e-05 -3.279069e-05 
2.555470e-05 -3.256297e-03 2.555470e-05 -3.283640e-05 
2.557085e-05 -3.260372e-03 2.557085e-05 -3.287767e-05 
2.560313e-05 -3.268533e-03 2.560313e-05 -3.296032e-05 
2.560523e-05 -3.269064e-03 2.560523e-05 -3.296570e-05 
2.560944e-05 -3.270126e-03 2.560944e-05 -3.297646e-05 
2.561784e-05 -3.272251e-03 2.561784e-05 -3.299798e-05 
2.563016e-05 -3.275369e-03 2.563016e-05 -3.302956e-05 
2.563069e-05 -3.275504e-03 2.563069e-05 -3.303092e-05 
2.563176e-05 -3.275774e-03 2.563176e-05 -3.303366e-05 
2.563178e-05 -3.275779e-03 2.563178e-05 -3.303371e-05 
2.563182e-05 -3.275790e-03 2.563182e-05 -3.303382e-05 
2.563191e-05 -3.275811e-03 2.563191e-05 -3.303403e-05 
2.563191e-05 -3.275811e-03 2.563191e-05 -3.303404e-05 
2.563191e-05 -3.275812e-03 2.563191e-05 -3.303404e-05 
2.563192e-05 -3.275813e-03 2.563192e-05 -3.303406e-05 
2.563193e-05 -3.275816e-03 2.563193e-05 -3.303408e-05 
2.563195e-05 -3.275821e-03 2.563195e-05 -3.303414e-05 
2.563199e-05 -3.275832e-03 2.563199e-05 -3.303425e-05 
2.563199e-05 -3.275833e-03 2.563199e-05 -3.303425e-05 
2.563199e-05 -3.275833e-03 2.563199e-05 -3.303426e-05 
2.563200e-05 -3.275834e-03 2.563200e-05 -3.303426e-05 
2.563200e-05 -3.275835e-03 2.563200e-05 -3.303428e-05 
2.563201e-05 -3.275838e-03 2.563201e-05 -3.303431e-05 
2.563204e-05 -3.275844e-03 2.563204e-05 -3.303436e-05 
2.563204e-05 -3.275844e-03 2.563204e-05 -3.303436e-05 
2.563204e-05 -3.275844e-03 2.563204e-05 -3.303437e-05 
2.563204e-05 -3.275844e-03 2.563204e-05 -3.303437e-05 
2.563204e-05 -3.275845e-03 2.563204e-05 -3.303438e-05 
2.563205e-05 -3.275846e-03 2.563205e-05 -3.303439e-05 
2.563205e-05 -3.275846e-03 2.563205e-05 -3.303439e-05 
2.563205e-05 -3.275389e-03 2.563205e-05 -3.302976e-05 
2.563205e-05 -3.274931e-03 2.563205e-05 -3.302512e-05 
2.563205e-05 -3.275847e-03 2.563205e-05 -3.303439e-05 
2.563205e-05 -3.275847e-03 2.563205e-05 -3.303440e-05 
2.563205e-05 -3.275847e-03 2.563205e-05 -3.303440e-05 
2.563205e-05 -3.275731e-03 2.563205e-05 -3.303322e-05 
2.563205e-05 -3.275614e-03 2.563205e-05 -3.303204e-05 
2.563205e-05 -3.275382e-03 2.563205e-05 -3.302969e-05 
2.563205e-05 -3.274917e-03 2.563205e-05 -3.302498e-05 
2.563205e-05 -3.275847e-03 2.563205e-05 -3.303440e-05 
2.563205e-05 -3.275847e-03 2.563205e-05 -3.303440e-05 
2.563205e-05 -3.275788e-03 2.563205e-05 -3.303380e-05 
2.563205e-05 -3.275729e-03 2.563205e-05 -3.303321e-05 
2.563205e-05 -3.275611e-03 2.563205e-05 -3.303201e-05 
2.563205e-05 -3.275375e-03 2.563205e-05 -3.302961e-05 
2.563205e-05 -3.274902e-03 2.563205e-05 -3.302483e-05 
2.563205e-05 -3.275848e-03 2.563205e-05 -3.303440e-05 
2.563205e-05 -3.275848e-03 2.563205e-05 -3.303440e-05 
2.563205e-05 -3.275844e-03 2.563205e-05 -3.303437e-05 
2.563205e-05 -3.275848e-03 2.563205e-05 -3.303440e-05 
2.563205e-05 -3.275847e-03 2.563205e-05 -3.303440e-05 
2.563205e-05 -3.275847e-03 2.563205e-05 -3.303440e-05 
2.563205e-05 -3.275846e-03 2.563205e-05 -3.303439e-05 
2.563205e-05 -3.275848e-03 2.563205e-05 -3.303440e-05 
2.563205e-05 -3.275847e-03 2.563205e-05 -3.303440e-05 
2.563205e-05 -3.275847e-03 2.563205e-05 -3.303440e-05 
2.563205e-05 -3.275847e-03 2.563205e-05 -3.303439e-05 
2.563205e-05 -3.275848e-03 2.563205e-05 -3.303440e-05 
2.563205e-05 -3.275847e-03 2.563205e-05 -3.303440e-05 
2.563205e-05 -3.275848e-03 2.563205e-05 -3.303440e-05 
2.563205e-05 -3.275848e-03 2.563205e-05 -3.303440e-05 
2.563205e-05 -3.275847e-03 2.563205e-05 -3.303440e-05 
2.563205e-05 -3.275848e-03 2.563205e-05 -3.303440e-05 
2.563205e-05 -3.275848e-03 2.563205e-05 -3.303440e-05 
2.563205e-05 -3.275848e-03 2.563205e-05 -3.303440e-05 
2.563205e-05 -3.275848e-03 2.563205e-05 -3.303440e-05 
2.563205e-05 -3.275848e-03 2.563205e-05 -3.303440e-05 
2.563205e-05 -3.275847e-03 2.563205e-05 -3.303440e-05 
2.563205e-05 -3.275847e-03 2.563205e-05 -3.303440e-05 
2.563205e-05 -3.275847e-03 2.563205e-05 -3.303440e-05 
2.563205e-05 -3.275847e-03 2.563205e-05 -3.303440e-05 
2.563205e-05 -3.275846e-03 2.563205e-05 -3.303439e-05 
2.563205e-05 -3.275844e-03 2.563205e-05 -3.303437e-05 
2.563205e-05 -3.275845e-03 2.563205e-05 -3.303437e-05 
2.563205e-05 -3.275845e-03 2.563205e-05 -3.303437e-05 
2.563205e-05 -3.275844e-03 2.563205e-05 -3.303437e-05 
2.563205e-05 -3.275845e-03 2.563205e-05 -3.303437e-05 
2.563205e-05 -3.275844e-03 2.563205e-05 -3.303437e-05 
2.563205e-05 -3.275844e-03 2.563205e-05 -3.303437e-05 
2.563205e-05 -3.275844e-03 2.563205e-05 -3.303437e-05 
2.563205e-05 -3.275844e-03 2.563205e-05 -3.303437e-05 
2.563205e-05 -3.275844e-03 2.563205e-05 -3.303437e-05 
2.563205e-05 -3.275844e-03 2.563205e-05 -3.303437e-05 
2.563205e-05 -3.275844e-03 2.563205e-05 -3.303437e-05 
2.563205e-05 -3.275844e-03 2.563205e-05 -3.303437e-05 
2.563205e-05 -3.275844e-03 2.563205e-05 -3.303437e-05 
2.563205e-05 -3.275844e-03 2.563205e-05 -3.303437e-05 
2.563205e-05 -3.275844e-03 2.563205e-05 -3.303437e-05 
2.563205e-05 -3.275844e-03 2.563205e-05 -3.303437e-05 
2.563205e-05 -3.275844e-03 2.563205e-05 -3.303437e-05 
2.563205e-05 -3.275844e-03 2.563205e-05 -3.303437e-05 
2.563205e-05 -3.275844e-03 2.563205e-05 -3.303437e-05 
2.563205e-05 -3.275844e-03 2.563205e-05 -3.303437e-05 
2.563205e-05 -3.275844e-03 2.563205e-05 -3.303437e-05 
2.563205e-05 -3.275844e-03 2.563205e-05 -3.303437e-05 
2.563205e-05 -3.275844e-03 2.563205e-05 -3.303437e-05 
2.563205e-05 -3.275844e-03 2.563205e-05 -3.303437e-05 
2.563205e-05 -3.275844e-03 2.563205e-05 -3.303437e-05 
2.563205e-05 -3.275844e-03 2.563205e-05 -3.303437e-05 
2.563205e-05 -3.275844e-03 2.563205e-05 -3.303437e-05 
2.563205e-05 -3.275844e-03 2.563205e-05 -3.303437e-05 
2.563205e-05 -3.275844e-03 2.563205e-05 -3.303437e-05 
2.563205e-05 -3.275844e-03 2.563205e-05 -3.303437e-05 
2.563205e-05 -3.275844e-03 2.563205e-05 -3.303437e-05 
2.563205e-05 -3.275844e-03 2.563205e-05 -3.303437e-05 
2.563205e-05 -3.275844e-03 2.563205e-05 -3.303437e-05 
2.563205e-05 -3.275844e-03 2.563205e-05 -3.303437e-05 
2.563205e-05 -3.275844e-03 2.563205e-05 -3.303437e-05 
2.563205e-05 -3.275844e-03 2.563205e-05 -3.303437e-05 
2.563205e-05 -3.275844e-03 2.563205e-05 -3.303437e-05 
2.563205e-05 -3.275844e-03 2.563205e-05 -3.303437e-05 
2.563205e-05 -3.275844e-03 2.563205e-05 -3.303437e-05 
2.563205e-05 -3.275844e-03 2.563205e-05 -3.303437e-05 
2.563205e-05 -3.275844e-03 2.563205e-05 -3.303437e-05 
2.563205e-05 -3.275844e-03 2.563205e-05 -3.303437e-05 
2.563205e-05 -3.275844e-03 2.563205e-05 -3.303437e-05 
2.563205e-05 -3.275844e-03 2.563205e-05 -3.303437e-05 
2.563205e-05 -3.275844e-03 2.563205e-05 -3.303437e-05 
2.563205e-05 -3.275844e-03 2.563205e-05 -3.303437e-05 
2.563205e-05 -3.275844e-03 2.563205e-05 -3.303437e-05 
2.563205e-05 -3.275844e-03 2.563205e-05 -3.303437e-05 
2.563205e-05 -3.275844e-03 2.563205e-05 -3.303437e-05 
2.563205e-05 -3.275844e-03 2.563205e-05 -3.303437e-05 
2.563205e-05 -3.275844e-03 2.563205e-05 -3.303437e-05 
2.563205e-05 -3.275844e-03 2.563205e-05 -3.303437e-05 
2.563205e-05 -3.275844e-03 2.563205e-05 -3.303437e-05 
2.563205e-05 -3.275844e-03 2.563205e-05 -3.303437e-05 
2.563205e-05 -3.275844e-03 2.563205e-05 -3.303437e-05 
2.563205e-05 -3.275844e-03 2.563205e-05 -3.303437e-05 
2.563205e-05 -3.275844e-03 2.563205e-05 -3.303437e-05 
2.563205e-05 -3.275844e-03 2.563205e-05 -3.303437e-05 
2.563205e-05 -3.275844e-03 2.563205e-05 -3.303437e-05 
2.563205e-05 -3.275844e-03 2.563205e-05 -3.303437e-05 
2.563205e-05 -3.275844e-03 2.563205e-05 -3.303437e-05 
2.563205e-05 -3.275844e-03 2.563205e-05 -3.303437e-05 
2.563205e-05 -3.275844e-03 2.563205e-05 -3.303437e-05 
2.563205e-05 -3.275844e-03 2.563205e-05 -3.303437e-05 
2.563205e-05 -3.275844e-03 2.563205e-05 -3.303437e-05 
2.563205e-05 -3.275844e-03 2.563205e-05 -3.303437e-05 
2.563205e-05 -3.275844e-03 2.563205e-05 -3.303437e-05 
2.563205e-05 -3.275844e-03 2.563205e-05 -3.303437e-05 
2.563205e-05 -3.275844e-03 2.563205e-05 -3.303437e-05 
2.563205e-05 -3.275844e-03 2.563205e-05 -3.303437e-05 
2.563205e-05 -3.275844e-03 2.563205e-05 -3.303437e-05 
2.563205e-05 -3.275844e-03 2.563205e-05 -3.303437e-05 
2.563205e-05 -3.275844e-03 2.563205e-05 -3.303437e-05 
2.563205e-05 -3.275844e-03 2.563205e-05 -3.303437e-05 
2.563205e-05 -3.275844e-03 2.563205e-05 -3.303437e-05 
2.563205e-05 -3.275844e-03 2.563205e-05 -3.303437e-05 
2.563205e-05 -3.275844e-03 2.563205e-05 -3.303437e-05 
2.563205e-05 -3.275844e-03 2.563205e-05 -3.303437e-05 
2.563205e-05 -3.275844e-03 2.563205e-05 -3.303437e-05 
2.563205e-05 -3.275844e-03 2.563205e-05 -3.303437e-05 
2.563205e-05 -3.275844e-03 2.563205e-05 -3.303437e-05 
2.563205e-05 -3.275844e-03 2.563205e-05 -3.303437e-05 
2.563205e-05 -3.275844e-03 2.563205e-05 -3.303437e-05 
2.563205e-05 -3.275844e-03 2.563205e-05 -3.303437e-05 
2.563205e-05 -3.275844e-03 2.563205e-05 -3.303437e-05 
2.563205e-05 -3.275844e-03 2.563205e-05 -3.303437e-05 
2.563205e-05 -3.275844e-03 2.563205e-05 -3.303437e-05 
2.563205e-05 -3.275844e-03 2.563205e-05 -3.303437e-05 
2.563205e-05 -3.275844e-03 2.563205e-05 -3.303437e-05 
2.563205e-05 -3.275844e-03 2.563205e-05 -3.303437e-05 
2.563205e-05 -3.275844e-03 2.563205e-05 -3.303437e-05 
2.563205e-05 -3.275844e-03 2.563205e-05 -3.303437e-05 
2.563205e-05 -3.275844e-03 2.563205e-05 -3.303437e-05 
2.563205e-05 -3.275844e-03 2.563205e-05 -3.303437e-05 
2.563205e-05 -3.275844e-03 2.563205e-05 -3.303437e-05 
2.563205e-05 -3.275844e-03 2.563205e-05 -3.303437e-05 
2.563205e-05 -3.275844e-03 2.563205e-05 -3.303437e-05 
2.563205e-05 -3.275844e-03 2.563205e-05 -3.303437e-05 
2.563205e-05 -3.275844e-03 2.563205e-05 -3.303437e-05 
2.563205e-05 -3.275844e-03 2.563205e-05 -3.303437e-05 
2.563205e-05 -3.275844e-03 2.563205e-05 -3.303437e-05 
2.563205e-05 -3.275844e-03 2.563205e-05 -3.303437e-05 
2.563205e-05 -3.275844e-03 2.563205e-05 -3.303437e-05 
2.563205e-05 -3.275844e-03 2.563205e-05 -3.303437e-05 
2.563205e-05 -3.275844e-03 2.563205e-05 -3.303437e-05 
2.563205e-05 -3.275844e-03 2.563205e-05 -3.303437e-05 
2.563205e-05 -3.275844e-03 2.563205e-05 -3.303437e-05 
2.563205e-05 -3.275844e-03 2.563205e-05 -3.303437e-05 
2.563205e-05 -3.275844e-03 2.563205e-05 -3.303437e-05 
2.563205e-05 -3.275844e-03 2.563205e-05 -3.303437e-05 
2.563205e-05 -3.275844e-03 2.563205e-05 -3.303437e-05 
2.563205e-05 -3.275844e-03 2.563205e-05 -3.303437e-05 
2.563205e-05 -3.275844e-03 2.563205e-05 -3.303437e-05 
2.563205e-05 -3.275844e-03 2.563205e-05 -3.303437e-05 
2.563205e-05 -3.275844e-03 2.563205e-05 -3.303437e-05 
2.563205e-05 -3.275844e-03 2.563205e-05 -3.303437e-05 
2.563205e-05 -3.275844e-03 2.563205e-05 -3.303437e-05 
2.563205e-05 -3.275844e-03 2.563205e-05 -3.303437e-05 
2.563205e-05 -3.275844e-03 2.563205e-05 -3.303437e-05 
2.563205e-05 -3.275844e-03 2.563205e-05 -3.303437e-05 
2.563205e-05 -3.275844e-03 2.563205e-05 -3.303437e-05 
2.563205e-05 -3.275844e-03 2.563205e-05 -3.303437e-05 
2.563205e-05 -3.275844e-03 2.563205e-05 -3.303437e-05 
2.563205e-05 -3.275844e-03 2.563205e-05 -3.303437e-05 
2.563205e-05 -3.275844e-03 2.563205e-05 -3.303437e-05 
2.563205e-05 -3.275844e-03 2.563205e-05 -3.303437e-05 
2.563205e-05 -3.275844e-03 2.563205e-05 -3.303437e-05 
2.563205e-05 -3.275844e-03 2.563205e-05 -3.303437e-05 
2.563205e-05 -3.275844e-03 2.563205e-05 -3.303437e-05 
2.563205e-05 -3.275844e-03 2.563205e-05 -3.303437e-05 
2.563205e-05 -3.275844e-03 2.563205e-05 -3.303437e-05 
2.563205e-05 -3.275844e-03 2.563205e-05 -3.303437e-05 
2.563205e-05 -3.275844e-03 2.563205e-05 -3.303437e-05 
2.563205e-05 -3.275844e-03 2.563205e-05 -3.303437e-05 
2.563205e-05 -3.275844e-03 2.563205e-05 -3.303437e-05 
2.563205e-05 -3.275844e-03 2.563205e-05 -3.303437e-05 
2.563205e-05 -3.275844e-03 2.563205e-05 -3.303437e-05 
2.563205e-05 -3.275844e-03 2.563205e-05 -3.303437e-05 
2.563205e-05 -3.275844e-03 2.563205e-05 -3.303437e-05 
2.563205e-05 -3.275844e-03 2.563205e-05 -3.303436e-05 
2.563205e-05 -3.275844e-03 2.563205e-05 -3.303436e-05 
2.563205e-05 -3.275844e-03 2.563205e-05 -3.303436e-05 
2.563205e-05 -3.275843e-03 2.563205e-05 -3.303436e-05 
2.563205e-05 -3.275843e-03 2.563205e-05 -3.303436e-05 
2.563205e-05 -3.275843e-03 2.563205e-05 -3.303436e-05 
2.563205e-05 -3.275843e-03 2.563205e-05 -3.303436e-05 
2.563205e-05 -3.275843e-03 2.563205e-05 -3.303436e-05 
2.563205e-05 -3.275843e-03 2.563205e-05 -3.303436e-05 
2.563205e-05 -3.275843e-03 2.563205e-05 -3.303436e-05 
2.563205e-05 -3.275843e-03 2.563205e-05 -3.303436e-05 
2.563205e-05 -3.275843e-03 2.563205e-05 -3.303436e-05 
2.563205e-05 -3.275843e-03 2.563205e-05 -3.303435e-05 
2.563205e-05 -3.275843e-03 2.563205e-05 -3.303435e-05 
2.563205e-05 -3.275842e-03 2.563205e-05 -3.303435e-05 
2.563205e-05 -3.275842e-03 2.563205e-05 -3.303435e-05 
2.563205e-05 -3.275842e-03 2.563205e-05 -3.303435e-05 
2.563205e-05 -3.275842e-03 2.563205e-05 -3.303435e-05 
2.563205e-05 -3.275842e-03 2.563205e-05 -3.303435e-05 
2.563205e-05 -3.275842e-03 2.563205e-05 -3.303435e-05 
2.563205e-05 -3.275842e-03 2.563205e-05 -3.303434e-05 
2.563205e-05 -3.275842e-03 2.563205e-05 -3.303434e-05 
2.563205e-05 -3.275841e-03 2.563205e-05 -3.303434e-05 
2.563205e-05 -3.275841e-03 2.563205e-05 -3.303434e-05 
2.563205e-05 -3.275841e-03 2.563205e-05 -3.303434e-05 
2.563205e-05 -3.275841e-03 2.563205e-05 -3.303434e-05 
2.563205e-05 -3.275841e-03 2.563205e-05 -3.303433e-05 
2.563205e-05 -3.275840e-03 2.563205e-05 -3.303433e-05 
2.563205e-05 -3.275840e-03 2.563205e-05 -3.303433e-05 
2.563205e-05 -3.275840e-03 2.563205e-05 -3.303433e-05 
2.563205e-05 -3.275840e-03 2.563205e-05 -3.303432e-05 
2.563205e-05 -3.275839e-03 2.563205e-05 -3.303432e-05 
2.563205e-05 -3.275839e-03 2.563205e-05 -3.303432e-05 
2.563205e-05 -3.275839e-03 2.563205e-05 -3.303431e-05 
2.563205e-05 -3.275838e-03 2.563205e-05 -3.303431e-05 
2.563205e-05 -3.275838e-03 2.563205e-05 -3.303431e-05 
2.563205e-05 -3.275837e-03 2.563205e-05 -3.303430e-05 
2.563205e-05 -3.275837e-03 2.563205e-05 -3.303430e-05 
2.563205e-05 -3.275836e-03 2.563205e-05 -3.303429e-05 
2.563205e-05 -3.275836e-03 2.563205e-05 -3.303429e-05 
2.563205e-05 -3.275835e-03 2.563205e-05 -3.303428e-05 
2.563205e-05 -3.275835e-03 2.563205e-05 -3.303427e-05 
2.563205e-05 -3.275834e-03 2.563205e-05 -3.303427e-05 
2.563205e-05 -3.275833e-03 2.563205e-05 -3.303426e-05 
2.563205e-05 -3.275832e-03 2.563205e-05 -3.303425e-05 
2.563205e-05 -3.275831e-03 2.563205e-05 -3.303424e-05 
2.563205e-05 -3.275830e-03 2.563205e-05 -3.303423e-05 
2.563205e-05 -3.275829e-03 2.563205e-05 -3.303422e-05 
2.563205e-05 -3.275828e-03 2.563205e-05 -3.303420e-05 
2.563205e-05 -3.275826e-03 2.563205e-05 -3.303419e-05 
2.563205e-05 -3.275824e-03 2.563205e-05 -3.303417e-05 
2.563205e-05 -3.275822e-03 2.563205e-05 -3.303414e-05 
2.563205e-05 -3.275819e-03 2.563205e-05 -3.303412e-05 
2.563205e-05 -3.275816e-03 2.563205e-05 -3.303409e-05 
2.563205e-05 -3.275813e-03 2.563205e-05 -3.303405e-05 
2.563205e-05 -3.275808e-03 2.563205e-05 -3.303400e-05 
2.563205e-05 -3.275802e-03 2.563205e-05 -3.303394e-05 
2.563205e-05 -3.275794e-03 2.563205e-05 -3.303386e-05 
2.563205e-05 -3.275783e-03 2.563205e-05 -3.303375e-05 
2.563205e-05 -3.275768e-03 2.563205e-05 -3.303360e-05 
2.563205e-05 -3.275745e-03 2.563205e-05 -3.303336e-05 
2.563205e-05 -3.275707e-03 2.563205e-05 -3.303298e-05 
2.563205e-05 -3.275638e-03 2.563205e-05 -3.303228e-05 
2.563205e-05 -3.275487e-03 2.563205e-05 -3.303075e-05 
2.563205e-05 -3.275127e-03 2.563205e-05 -3.302710e-05 
2.563205e-05 -3.275848e-03 2.563205e-05 -3.303441e-05 
2.563205e-05 -3.275848e-03 2.563205e-05 -3.303441e-05 
2.563206e-05 -3.275849e-03 2.563206e-05 -3.303442e-05 
2.563206e-05 -3.275850e-03 2.563206e-05 -3.303443e-05 
2.563207e-05 -3.275852e-03 2.563207e-05 -3.303445e-05 
2.563209e-05 -3.275857e-03 2.563209e-05 -3.303450e-05 
2.563212e-05 -3.275866e-03 2.563212e-05 -3.303459e-05 
2.563220e-05 -3.275885e-03 2.563220e-05 -3.303478e-05 
2.563234e-05 -3.275922e-03 2.563234e-05 -3.303515e-05 
2.563264e-05 -3.275995e-03 2.563264e-05 -3.303590e-05 
2.563322e-05 -3.276143e-03 2.563322e-05 -3.303740e-05 
2.563439e-05 -3.276439e-03 2.563439e-05 -3.304039e-05 
2.563672e-05 -3.277030e-03 2.563672e-05 -3.304638e-05 
2.564139e-05 -3.278212e-03 2.564139e-05 -3.305835e-05 
2.565073e-05 -3.280577e-03 2.565073e-05 -3.308230e-05 
2.566941e-05 -3.285311e-03 2.566941e-05 -3.313025e-05 
2.570677e-05 -3.294792e-03 2.570677e-05 -3.322628e-05 
2.578149e-05 -3.313810e-03 2.578149e-05 -3.341889e-05 
2.593093e-05 -3.352066e-03 2.593093e-05 -3.380636e-05 
2.622982e-05 -3.429461e-03 2.622982e-05 -3.459022e-05 
2.682758e-05 -3.587776e-03 2.682758e-05 -3.619367e-05 
2.706214e-05 -3.650411e-03 2.706214e-05 -3.682834e-05 
2.729333e-05 -3.712667e-03 2.729333e-05 -3.745926e-05 
2.759844e-05 -3.795739e-03 2.759844e-05 -3.830120e-05 
2.799183e-05 -3.904363e-03 2.799183e-05 -3.940222e-05 
2.828861e-05 -3.987160e-03 2.828861e-05 -4.024166e-05 
2.863080e-05 -4.083769e-03 2.863080e-05 -4.122125e-05 
2.900027e-05 -4.189407e-03 2.900027e-05 -4.229257e-05 
2.926198e-05 -4.264891e-03 2.926198e-05 -4.305826e-05 
2.951399e-05 -4.338194e-03 2.951399e-05 -4.380193e-05 
2.976817e-05 -4.412758e-03 2.976817e-05 -4.455848e-05 
3.002233e-05 -4.487941e-03 3.002233e-05 -4.532141e-05 
3.027718e-05 -4.563957e-03 3.027718e-05 -4.609290e-05 
3.053457e-05 -4.641376e-03 3.053457e-05 -4.687872e-05 
3.079531e-05 -4.720460e-03 3.079531e-05 -4.768153e-05 
3.105874e-05 -4.801035e-03 3.105874e-05 -4.849960e-05 
3.132394e-05 -4.882834e-03 3.132394e-05 -4.933019e-05 
3.159075e-05 -4.965817e-03 3.159075e-05 -5.017291e-05 
3.185965e-05 -5.050152e-03 3.185965e-05 -5.102948e-05 
3.213109e-05 -5.136000e-03 3.213109e-05 -5.190153e-05 
3.240509e-05 -5.223381e-03 3.240509e-05 -5.278928e-05 
3.268136e-05 -5.312227e-03 3.268136e-05 -5.369202e-05 
3.295974e-05 -5.402502e-03 3.295974e-05 -5.460941e-05 
3.324032e-05 -5.494253e-03 3.324032e-05 -5.554192e-05 
3.352328e-05 -5.587556e-03 3.352328e-05 -5.649034e-05 
3.380870e-05 -5.682458e-03 3.380870e-05 -5.745515e-05 
3.409654e-05 -5.778964e-03 3.409654e-05 -5.843640e-05 
3.438673e-05 -5.877073e-03 3.438673e-05 -5.943410e-05 
3.467928e-05 -5.976808e-03 3.467928e-05 -6.044846e-05 
3.497425e-05 -6.078209e-03 3.497425e-05 -6.147992e-05 
3.527170e-05 -6.181316e-03 3.527170e-05 -6.252889e-05 
3.557164e-05 -6.286156e-03 3.557164e-05 -6.359565e-05 
3.587407e-05 -6.392749e-03 3.587407e-05 -6.468040e-05 
3.617899e-05 -6.501118e-03 3.617899e-05 -6.578338e-05 
3.648643e-05 -6.611294e-03 3.648643e-05 -6.690493e-05 
3.679643e-05 -6.723312e-03 3.679643e-05 -6.804539e-05 
3.710901e-05 -6.837204e-03 3.710901e-05 -6.920511e-05 
3.742417e-05 -6.952998e-03 3.742417e-05 -7.038438e-05 
3.774195e-05 -7.070722e-03 3.774195e-05 -7.158350e-05 
3.806235e-05 -7.190409e-03 3.806235e-05 -7.280279e-05 
3.838540e-05 -7.312090e-03 3.838540e-05 -7.404259e-05 
3.871112e-05 -7.435800e-03 3.871112e-05 -7.530327e-05 
3.903954e-05 -7.561572e-03 3.903954e-05 -7.658517e-05 
3.937068e-05 -7.689439e-03 3.937068e-05 -7.788862e-05 
3.970455e-05 -7.819433e-03 3.970455e-05 -7.921397e-05 
4.004117e-05 -7.951590e-03 4.004117e-05 -8.056159e-05 
4.038058e-05 -8.085945e-03 4.038058e-05 -8.193186e-05 
4.072279e-05 -8.222534e-03 4.072279e-05 -8.332514e-05 
4.106782e-05 -8.361393e-03 4.106782e-05 -8.474182e-05 
4.141569e-05 -8.502559e-03 4.141569e-05 -8.618227e-05 
4.176643e-05 -8.646069e-03 4.176643e-05 -8.764688e-05 
4.212006e-05 -8.791960e-03 4.212006e-05 -8.913607e-05 
4.247660e-05 -8.940273e-03 4.247660e-05 -9.065022e-05 
4.283608e-05 -9.091045e-03 4.283608e-05 -9.218975e-05 
4.319852e-05 -9.244316e-03 4.319852e-05 -9.375508e-05 
4.356393e-05 -9.400127e-03 4.356393e-05 -9.534663e-05 
4.393235e-05 -9.558519e-03 4.393235e-05 -9.696482e-05 
4.430379e-05 -9.719533e-03 4.430379e-05 -9.861011e-05 
4.467829e-05 -9.883211e-03 4.467829e-05 -1.002829e-04 
4.505586e-05 -1.004960e-02 4.505586e-05 -1.019837e-04 
4.543653e-05 -1.021873e-02 4.543653e-05 -1.037129e-04 
4.582032e-05 -1.039067e-02 4.582032e-05 -1.054711e-04 
4.620725e-05 -1.056544e-02 4.620725e-05 -1.072586e-04 
4.659736e-05 -1.074309e-02 4.659736e-05 -1.090760e-04 
4.699066e-05 -1.092368e-02 4.699066e-05 -1.109237e-04 
4.738718e-05 -1.110725e-02 4.738718e-05 -1.128022e-04 
4.778694e-05 -1.129385e-02 4.778694e-05 -1.147121e-04 
4.818997e-05 -1.148352e-02 4.818997e-05 -1.166539e-04 
4.859630e-05 -1.167631e-02 4.859630e-05 -1.186280e-04 
4.900595e-05 -1.187228e-02 4.900595e-05 -1.206350e-04 
4.941894e-05 -1.207147e-02 4.941894e-05 -1.226755e-04 
5.000000e-05 -1.235499e-02 5.000000e-05 -1.255801e-04 
5.008260e-05 -1.239533e-02 5.008260e-05 -1.259937e-04 
5.024779e-05 -1.247629e-02 5.024779e-05 -1.268235e-04 
5.057819e-05 -1.263928e-02 5.057819e-05 -1.284942e-04 
5.123897e-05 -1.296951e-02 5.123897e-05 -1.318791e-04 
5.167368e-05 -1.318849e-02 5.167368e-05 -1.341248e-04 
5.210155e-05 -1.340578e-02 5.210155e-05 -1.363535e-04 
5.259813e-05 -1.366032e-02 5.259813e-05 -1.389648e-04 
5.308976e-05 -1.391461e-02 5.308976e-05 -1.415742e-04 
5.353184e-05 -1.414510e-02 5.353184e-05 -1.439400e-04 
5.395322e-05 -1.436649e-02 5.395322e-05 -1.462129e-04 
5.439098e-05 -1.459831e-02 5.439098e-05 -1.485933e-04 
5.485661e-05 -1.484694e-02 5.485661e-05 -1.511469e-04 
5.533423e-05 -1.510414e-02 5.533423e-05 -1.537891e-04 
5.580423e-05 -1.535932e-02 5.580423e-05 -1.564111e-04 
5.626563e-05 -1.561184e-02 5.626563e-05 -1.590065e-04 
5.672983e-05 -1.586793e-02 5.672983e-05 -1.616391e-04 
5.720485e-05 -1.613213e-02 5.720485e-05 -1.643557e-04 
5.768910e-05 -1.640368e-02 5.768910e-05 -1.671486e-04 
5.817619e-05 -1.667905e-02 5.817619e-05 -1.699814e-04 
5.866301e-05 -1.695652e-02 5.866301e-05 -1.728365e-04 
5.915173e-05 -1.723732e-02 5.915173e-05 -1.757265e-04 
5.964570e-05 -1.752344e-02 5.964570e-05 -1.786719e-04 
6.014583e-05 -1.781548e-02 6.014583e-05 -1.816791e-04 
6.065069e-05 -1.811268e-02 6.065069e-05 -1.847402e-04 
6.116308e-05 -1.841680e-02 6.116308e-05 -1.878732e-04 
6.168877e-05 -1.873141e-02 6.168877e-05 -1.911151e-04 
6.223640e-05 -1.906198e-02 6.223640e-05 -1.945223e-04 
6.281970e-05 -1.941728e-02 6.281970e-05 -1.981854e-04 
6.346611e-05 -1.981498e-02 6.346611e-05 -2.022867e-04 
6.426144e-05 -2.031032e-02 6.426144e-05 -2.073960e-04 
6.526144e-05 -2.094262e-02 6.526144e-05 -2.139201e-04 
6.626144e-05 -2.158429e-02 6.626144e-05 -2.205441e-04 
6.726144e-05 -2.223532e-02 6.726144e-05 -2.272680e-04 
6.826144e-05 -2.289570e-02 6.826144e-05 -2.340919e-04 
6.926144e-05 -2.356542e-02 6.926144e-05 -2.410157e-04 
7.026144e-05 -2.424447e-02 7.026144e-05 -2.480394e-04 
7.126144e-05 -2.493284e-02 7.126144e-05 -2.551631e-04 
7.226144e-05 -2.563052e-02 7.226144e-05 -2.623867e-04 
7.326144e-05 -2.633751e-02 7.326144e-05 -2.697102e-04 
7.426144e-05 -2.705378e-02 7.426144e-05 -2.771336e-04 
7.526144e-05 -2.777934e-02 7.526144e-05 -2.846570e-04 
7.626144e-05 -2.851418e-02 7.626144e-05 -2.922803e-04 
7.726144e-05 -2.925828e-02 7.726144e-05 -3.000035e-04 
7.826144e-05 -3.001163e-02 7.826144e-05 -3.078267e-04 
7.926144e-05 -3.077424e-02 7.926144e-05 -3.157497e-04 
8.026144e-05 -3.154608e-02 8.026144e-05 -3.237727e-04 
8.126144e-05 -3.232715e-02 8.126144e-05 -3.318956e-04 
8.226144e-05 -3.311743e-02 8.226144e-05 -3.401185e-04 
8.326144e-05 -3.391693e-02 8.326144e-05 -3.484412e-04 
8.426144e-05 -3.472563e-02 8.426144e-05 -3.568639e-04 
8.526144e-05 -3.554352e-02 8.526144e-05 -3.653864e-04 
8.626144e-05 -3.637059e-02 8.626144e-05 -3.740089e-04 
8.726144e-05 -3.720683e-02 8.726144e-05 -3.827313e-04 
8.826144e-05 -3.805224e-02 8.826144e-05 -3.915536e-04 
8.926144e-05 -3.890680e-02 8.926144e-05 -4.004759e-04 
9.026144e-05 -3.977051e-02 9.026144e-05 -4.094980e-04 
9.126144e-05 -4.064335e-02 9.126144e-05 -4.186201e-04 
9.226144e-05 -4.152532e-02 9.226144e-05 -4.278420e-04 
9.326144e-05 -4.241641e-02 9.326144e-05 -4.371639e-04 
9.426144e-05 -4.331661e-02 9.426144e-05 -4.465857e-04 
9.526144e-05 -4.422591e-02 9.526144e-05 -4.561073e-04 
9.626144e-05 -4.514430e-02 9.626144e-05 -4.657289e-04 
9.726144e-05 -4.607177e-02 9.726144e-05 -4.754504e-04 
9.826144e-05 -4.700831e-02 9.826144e-05 -4.852718e-04 
9.926144e-05 -4.795392e-02 9.926144e-05 -4.951931e-04 
9.927346e-05 -4.796527e-02 9.927346e-05 -4.953123e-04 
9.929748e-05 -4.798797e-02 9.929748e-05 -4.955507e-04 
9.934554e-05 -4.803340e-02 9.934554e-05 -4.960279e-04 
9.944165e-05 -4.812436e-02 9.944165e-05 -4.969831e-04 
9.963386e-05 -4.830662e-02 9.963386e-05 -4.988973e-04 
9.963692e-05 -4.830952e-02 9.963692e-05 -4.989277e-04 
9.964302e-05 -4.831531e-02 9.964302e-05 -4.989886e-04 
9.965524e-05 -4.832689e-02 9.965524e-05 -4.991103e-04 
9.967968e-05 -4.835007e-02 9.967968e-05 -4.993537e-04 
9.972855e-05 -4.839645e-02 9.972855e-05 -4.998409e-04 
9.982630e-05 -4.848930e-02 9.982630e-05 -5.008162e-04 
9.982785e-05 -4.849077e-02 9.982785e-05 -5.008317e-04 
9.983096e-05 -4.849372e-02 9.983096e-05 -5.008627e-04 
9.983717e-05 -4.849962e-02 9.983717e-05 -5.009247e-04 
9.984960e-05 -4.851143e-02 9.984960e-05 -5.010487e-04 
9.987445e-05 -4.853505e-02 9.987445e-05 -5.012968e-04 
9.992416e-05 -4.858230e-02 9.992416e-05 -5.017932e-04 
9.992495e-05 -4.858305e-02 9.992495e-05 -5.018011e-04 
9.992653e-05 -4.858455e-02 9.992653e-05 -5.018169e-04 
9.992969e-05 -4.858756e-02 9.992969e-05 -5.018484e-04 
9.993601e-05 -4.859357e-02 9.993601e-05 -5.019116e-04 
9.994865e-05 -4.860558e-02 9.994865e-05 -5.020378e-04 
9.997392e-05 -4.862962e-02 9.997392e-05 -5.022904e-04 
9.997432e-05 -4.863001e-02 9.997432e-05 -5.022944e-04 
9.997513e-05 -4.863077e-02 9.997513e-05 -5.023024e-04 
9.997673e-05 -4.863230e-02 9.997673e-05 -5.023185e-04 
9.997995e-05 -4.863535e-02 9.997995e-05 -5.023506e-04 
9.998637e-05 -4.864147e-02 9.998637e-05 -5.024148e-04 
9.999922e-05 -4.865369e-02 9.999922e-05 -5.025433e-04 
9.999943e-05 -4.865389e-02 9.999943e-05 -5.025453e-04 
9.999984e-05 -4.865428e-02 9.999984e-05 -5.025494e-04 
9.999984e-05 -4.865428e-02 9.999984e-05 -5.025494e-04 
9.999986e-05 -4.865430e-02 9.999986e-05 -5.025496e-04 
9.999988e-05 -4.865432e-02 9.999988e-05 -5.025498e-04 
9.999993e-05 -4.865437e-02 9.999993e-05 -5.025504e-04 
9.999994e-05 -4.865437e-02 9.999994e-05 -5.025504e-04 
9.999994e-05 -4.865437e-02 9.999994e-05 -5.025504e-04 
9.999994e-05 -4.865438e-02 9.999994e-05 -5.025504e-04 
9.999995e-05 -4.865438e-02 9.999995e-05 -5.025505e-04 
9.999996e-05 -4.865439e-02 9.999996e-05 -5.025506e-04 
9.999999e-05 -4.865442e-02 9.999999e-05 -5.025509e-04 
9.999999e-05 -4.865442e-02 9.999999e-05 -5.025509e-04 
9.999999e-05 -4.865442e-02 9.999999e-05 -5.025509e-04 
9.999999e-05 -4.865442e-02 9.999999e-05 -5.025509e-04 
9.999999e-05 -4.865443e-02 9.999999e-05 -5.025509e-04 
1.000000e-04 -4.865443e-02 1.000000e-04 -5.025510e-04 
1.000000e-04 -4.865443e-02 1.000000e-04 -5.025510e-04 
1.000000e-04 -4.865443e-02 1.000000e-04 -5.025510e-04 
1.000000e-04 -4.865443e-02 1.000000e-04 -5.025510e-04 
1.000000e-04 -4.865437e-02 1.000000e-04 -5.025503e-04 
1.000000e-04 -4.865430e-02 1.000000e-04 -5.025497e-04 
1.000000e-04 -4.865417e-02 1.000000e-04 -5.025483e-04 
1.000000e-04 -4.865443e-02 1.000000e-04 -5.025510e-04 
1.000000e-04 -4.865442e-02 1.000000e-04 -5.025509e-04 
1.000000e-04 -4.865441e-02 1.000000e-04 -5.025508e-04 
1.000000e-04 -4.865440e-02 1.000000e-04 -5.025506e-04 
1.000000e-04 -4.865436e-02 1.000000e-04 -5.025503e-04 
1.000000e-04 -4.865443e-02 1.000000e-04 -5.025510e-04 
1.000000e-04 -4.865443e-02 1.000000e-04 -5.025510e-04 
1.000000e-04 -4.865443e-02 1.000000e-04 -5.025510e-04 
1.000000e-04 -4.865443e-02 1.000000e-04 -5.025510e-04 
1.000000e-04 -4.865443e-02 1.000000e-04 -5.025510e-04 
1.000000e-04 -4.865443e-02 1.000000e-04 -5.025510e-04 
1.000000e-04 -4.865443e-02 1.000000e-04 -5.025510e-04 
1.000000e-04 -4.865443e-02 1.000000e-04 -5.025510e-04 
1.000000e-04 -4.865443e-02 1.000000e-04 -5.025510e-04 
1.000000e-04 -4.865443e-02 1.000000e-04 -5.025510e-04 
1.000000e-04 -4.865443e-02 1.000000e-04 -5.025510e-04 
1.000000e-04 -4.865443e-02 1.000000e-04 -5.025510e-04 
1.000000e-04 -4.865443e-02 1.000000e-04 -5.025510e-04 
1.000000e-04 -4.865443e-02 1.000000e-04 -5.025510e-04 
1.000000e-04 -4.865443e-02 1.000000e-04 -5.025510e-04 
1.000000e-04 -4.865443e-02 1.000000e-04 -5.025510e-04 
1.000000e-04 -4.865442e-02 1.000000e-04 -5.025509e-04 
1.000000e-04 -4.865441e-02 1.000000e-04 -5.025508e-04 
1.000000e-04 -4.865439e-02 1.000000e-04 -5.025506e-04 
1.000000e-04 -4.865435e-02 1.000000e-04 -5.025501e-04 
1.000000e-04 -4.865426e-02 1.000000e-04 -5.025492e-04 
1.000000e-04 -4.865409e-02 1.000000e-04 -5.025474e-04 
1.000000e-04 -4.865375e-02 1.000000e-04 -5.025438e-04 
1.000000e-04 -4.865443e-02 1.000000e-04 -5.025510e-04 
1.000000e-04 -4.865443e-02 1.000000e-04 -5.025510e-04 
1.000000e-04 -4.865443e-02 1.000000e-04 -5.025510e-04 
1.000000e-04 -4.865443e-02 1.000000e-04 -5.025510e-04 
1.000000e-04 -4.865444e-02 1.000000e-04 -5.025511e-04 
1.000000e-04 -4.865444e-02 1.000000e-04 -5.025511e-04 
1.000000e-04 -4.865445e-02 1.000000e-04 -5.025512e-04 
1.000000e-04 -4.865447e-02 1.000000e-04 -5.025514e-04 
1.000001e-04 -4.865450e-02 1.000001e-04 -5.025517e-04 
1.000001e-04 -4.865457e-02 1.000001e-04 -5.025525e-04 
1.000003e-04 -4.865471e-02 1.000003e-04 -5.025539e-04 
1.000006e-04 -4.865499e-02 1.000006e-04 -5.025569e-04 
1.000012e-04 -4.865555e-02 1.000012e-04 -5.025627e-04 
1.000023e-04 -4.865667e-02 1.000023e-04 -5.025745e-04 
1.000047e-04 -4.865890e-02 1.000047e-04 -5.025979e-04 
1.000094e-04 -4.866336e-02 1.000094e-04 -5.026449e-04 
1.000188e-04 -4.867230e-02 1.000188e-04 -5.027387e-04 
1.000306e-04 -4.868357e-02 1.000306e-04 -5.028571e-04 
1.000430e-04 -4.869532e-02 1.000430e-04 -5.029806e-04 
1.000557e-04 -4.870744e-02 1.000557e-04 -5.031079e-04 
1.000686e-04 -4.871974e-02 1.000686e-04 -5.032371e-04 
1.000822e-04 -4.873265e-02 1.000822e-04 -5.033728e-04 
1.000964e-04 -4.874618e-02 1.000964e-04 -5.035150e-04 
1.001116e-04 -4.876067e-02 1.001116e-04 -5.036672e-04 
1.001278e-04 -4.877611e-02 1.001278e-04 -5.038294e-04 
1.001454e-04 -4.879282e-02 1.001454e-04 -5.040049e-04 
1.001642e-04 -4.881081e-02 1.001642e-04 -5.041940e-04 
1.001848e-04 -4.883041e-02 1.001848e-04 -5.043999e-04 
1.002071e-04 -4.885169e-02 1.002071e-04 -5.046235e-04 
1.002315e-04 -4.887495e-02 1.002315e-04 -5.048679e-04 
1.002581e-04 -4.890034e-02 1.002581e-04 -5.051346e-04 
1.002873e-04 -4.892818e-02 1.002873e-04 -5.054272e-04 
1.003193e-04 -4.895866e-02 1.003193e-04 -5.057475e-04 
1.003544e-04 -4.899216e-02 1.003544e-04 -5.060995e-04 
1.003929e-04 -4.902892e-02 1.003929e-04 -5.064857e-04 
1.004352e-04 -4.906937e-02 1.004352e-04 -5.069108e-04 
1.004817e-04 -4.911382e-02 1.004817e-04 -5.073779e-04 
1.005329e-04 -4.916278e-02 1.005329e-04 -5.078924e-04 
1.005892e-04 -4.921664e-02 1.005892e-04 -5.084583e-04 
1.006512e-04 -4.927599e-02 1.006512e-04 -5.090820e-04 
1.007194e-04 -4.934133e-02 1.007194e-04 -5.097687e-04 
1.007945e-04 -4.941334e-02 1.007945e-04 -5.105255e-04 
1.008772e-04 -4.949268e-02 1.008772e-04 -5.113593e-04 
1.009683e-04 -4.958014e-02 1.009683e-04 -5.122785e-04 
1.010686e-04 -4.967652e-02 1.010686e-04 -5.132915e-04 
1.011791e-04 -4.978280e-02 1.011791e-04 -5.144086e-04 
1.013007e-04 -4.989995e-02 1.013007e-04 -5.156401e-04 
1.014347e-04 -5.002916e-02 1.014347e-04 -5.169983e-04 
1.015822e-04 -5.017163e-02 1.015822e-04 -5.184961e-04 
1.017447e-04 -5.032880e-02 1.017447e-04 -5.201485e-04 
1.019236e-04 -5.050216e-02 1.019236e-04 -5.219712e-04 
1.021207e-04 -5.069346e-02 1.021207e-04 -5.239827e-04 
1.023377e-04 -5.090456e-02 1.023377e-04 -5.262025e-04 
1.025767e-04 -5.113758e-02 1.025767e-04 -5.286532e-04 
1.028400e-04 -5.139484e-02 1.028400e-04 -5.313590e-04 
1.031299e-04 -5.167898e-02 1.031299e-04 -5.343479e-04 
1.034493e-04 -5.199285e-02 1.034493e-04 -5.376499e-04 
1.038011e-04 -5.233974e-02 1.038011e-04 -5.412998e-04 
1.041886e-04 -5.272323e-02 1.041886e-04 -5.453355e-04 
1.046156e-04 -5.314741e-02 1.046156e-04 -5.498001e-04 
1.050861e-04 -5.361682e-02 1.050861e-04 -5.547416e-04 
1.056046e-04 -5.413658e-02 1.056046e-04 -5.602144e-04 
1.061761e-04 -5.471245e-02 1.061761e-04 -5.662793e-04 
1.068062e-04 -5.535096e-02 1.068062e-04 -5.730056e-04 
1.075011e-04 -5.605947e-02 1.075011e-04 -5.804713e-04 
1.082676e-04 -5.684637e-02 1.082676e-04 -5.887656e-04 
1.091135e-04 -5.772121e-02 1.091135e-04 -5.979898e-04 
1.100473e-04 -5.869494e-02 1.100473e-04 -6.082606e-04 
1.110473e-04 -5.974670e-02 1.110473e-04 -6.193589e-04 
1.120473e-04 -6.080739e-02 1.120473e-04 -6.305572e-04 
1.129015e-04 -6.171983e-02 1.129015e-04 -6.401956e-04 
1.136329e-04 -6.250580e-02 1.136329e-04 -6.485021e-04 
1.142765e-04 -6.320099e-02 1.142765e-04 -6.558520e-04 
1.148529e-04 -6.382652e-02 1.148529e-04 -6.624678e-04 
1.153752e-04 -6.439580e-02 1.153752e-04 -6.684906e-04 
1.159045e-04 -6.497510e-02 1.159045e-04 -6.746209e-04 
1.163823e-04 -6.550012e-02 1.163823e-04 -6.801783e-04 
1.168290e-04 -6.599272e-02 1.168290e-04 -6.853939e-04 
1.172360e-04 -6.644301e-02 1.172360e-04 -6.901625e-04 
1.176150e-04 -6.686357e-02 1.176150e-04 -6.946174e-04 
1.179670e-04 -6.725520e-02 1.179670e-04 -6.987665e-04 
1.182974e-04 -6.762388e-02 1.182974e-04 -7.026733e-04 
1.186082e-04 -6.797149e-02 1.186082e-04 -7.063574e-04 
1.189023e-04 -6.830113e-02 1.189023e-04 -7.098516e-04 
1.191812e-04 -6.861445e-02 1.191812e-04 -7.131733e-04 
1.194467e-04 -6.891334e-02 1.194467e-04 -7.163425e-04 
1.197000e-04 -6.919910e-02 1.197000e-04 -7.193729e-04 
1.199424e-04 -6.947302e-02 1.199424e-04 -7.222780e-04 
1.201748e-04 -6.973610e-02 1.201748e-04 -7.250685e-04 
1.203980e-04 -6.998927e-02 1.203980e-04 -7.277543e-04 
1.206128e-04 -7.023333e-02 1.206128e-04 -7.303437e-04 
1.208199e-04 -7.046898e-02 1.208199e-04 -7.328442e-04 
1.210199e-04 -7.069684e-02 1.210199e-04 -7.352622e-04 
1.212132e-04 -7.091747e-02 1.212132e-04 -7.376038e-04 
1.214003e-04 -7.113137e-02 1.214003e-04 -7.398741e-04 
1.215817e-04 -7.133898e-02 1.215817e-04 -7.420778e-04 
1.217577e-04 -7.154070e-02 1.217577e-04 -7.442193e-04 
1.219287e-04 -7.173691e-02 1.219287e-04 -7.463025e-04 
1.220949e-04 -7.192793e-02 1.220949e-04 -7.483307e-04 
1.222567e-04 -7.211407e-02 1.222567e-04 -7.503072e-04 
1.224143e-04 -7.229560e-02 1.224143e-04 -7.522350e-04 
1.225679e-04 -7.247278e-02 1.225679e-04 -7.541167e-04 
1.227178e-04 -7.264585e-02 1.227178e-04 -7.559549e-04 
1.228642e-04 -7.281501e-02 1.228642e-04 -7.577517e-04 
1.230072e-04 -7.298046e-02 1.230072e-04 -7.595093e-04 
1.231470e-04 -7.314240e-02 1.231470e-04 -7.612296e-04 
1.232837e-04 -7.330099e-02 1.232837e-04 -7.629145e-04 
1.234176e-04 -7.345639e-02 1.234176e-04 -7.645656e-04 
1.235487e-04 -7.360875e-02 1.235487e-04 -7.661846e-04 
1.236807e-04 -7.376218e-02 1.236807e-04 -7.678149e-04 
1.238119e-04 -7.391502e-02 1.238119e-04 -7.694392e-04 
1.239440e-04 -7.406894e-02 1.239440e-04 -7.710750e-04 
1.240756e-04 -7.422241e-02 1.240756e-04 -7.727061e-04 
1.242077e-04 -7.437674e-02 1.242077e-04 -7.743464e-04 
1.243395e-04 -7.453078e-02 1.243395e-04 -7.759839e-04 
1.244718e-04 -7.468555e-02 1.244718e-04 -7.776292e-04 
1.246038e-04 -7.484019e-02 1.246038e-04 -7.792732e-04 
1.247363e-04 -7.499548e-02 1.247363e-04 -7.809241e-04 
1.248686e-04 -7.515074e-02 1.248686e-04 -7.825749e-04 
1.250012e-04 -7.530658e-02 1.250012e-04 -7.842319e-04 
1.251338e-04 -7.546249e-02 1.251338e-04 -7.858898e-04 
1.252667e-04 -7.561893e-02 1.252667e-04 -7.875535e-04 
1.253997e-04 -7.577553e-02 1.253997e-04 -7.892190e-04 
1.255329e-04 -7.593263e-02 1.255329e-04 -7.908899e-04 
1.256661e-04 -7.608995e-02 1.256661e-04 -7.925632e-04 
1.257997e-04 -7.624776e-02 1.257997e-04 -7.942418e-04 
1.259333e-04 -7.640584e-02 1.259333e-04 -7.959234e-04 
1.260672e-04 -7.656440e-02 1.260672e-04 -7.976103e-04 
1.262013e-04 -7.672329e-02 1.262013e-04 -7.993008e-04 
1.263356e-04 -7.688266e-02 1.263356e-04 -8.009965e-04 
1.264701e-04 -7.704240e-02 1.264701e-04 -8.026962e-04 
1.266049e-04 -7.720264e-02 1.266049e-04 -8.044013e-04 
1.267399e-04 -7.736328e-02 1.267399e-04 -8.061109e-04 
1.268751e-04 -7.752444e-02 1.268751e-04 -8.078260e-04 
1.270107e-04 -7.768603e-02 1.270107e-04 -8.095460e-04 
1.271465e-04 -7.784816e-02 1.271465e-04 -8.112717e-04 
1.272826e-04 -7.801077e-02 1.272826e-04 -8.130026e-04 
1.274190e-04 -7.817393e-02 1.274190e-04 -8.147395e-04 
1.275557e-04 -7.833761e-02 1.275557e-04 -8.164821e-04 
1.276928e-04 -7.850186e-02 1.276928e-04 -8.182308e-04 
1.278302e-04 -7.866667e-02 1.278302e-04 -8.199856e-04 
1.279679e-04 -7.883207e-02 1.279679e-04 -8.217469e-04 
1.279696e-04 -7.883407e-02 1.279696e-04 -8.217682e-04 
1.279729e-04 -7.883802e-02 1.279729e-04 -8.218103e-04 
1.279795e-04 -7.884595e-02 1.279795e-04 -8.218947e-04 
1.279927e-04 -7.886182e-02 1.279927e-04 -8.220637e-04 
1.279929e-04 -7.886207e-02 1.279929e-04 -8.220664e-04 
1.279933e-04 -7.886258e-02 1.279933e-04 -8.220718e-04 
1.279942e-04 -7.886358e-02 1.279942e-04 -8.220825e-04 
1.279958e-04 -7.886560e-02 1.279958e-04 -8.221039e-04 
1.279992e-04 -7.886963e-02 1.279992e-04 -8.221468e-04 
1.279992e-04 -7.886969e-02 1.279992e-04 -8.221475e-04 
1.279993e-04 -7.886982e-02 1.279993e-04 -8.221489e-04 
1.279996e-04 -7.887007e-02 1.279996e-04 -8.221516e-04 
1.280000e-04 -7.887059e-02 1.280000e-04 -8.221571e-04 
1.280008e-04 -7.887161e-02 1.280008e-04 -8.221680e-04 
1.280025e-04 -7.887365e-02 1.280025e-04 -8.221897e-04 
1.280026e-04 -7.887369e-02 1.280026e-04 -8.221901e-04 
1.280026e-04 -7.887375e-02 1.280026e-04 -8.221908e-04 
1.280027e-04 -7.887388e-02 1.280027e-04 -8.221922e-04 
1.280029e-04 -7.887414e-02 1.280029e-04 -8.221949e-04 
1.280034e-04 -7.887466e-02 1.280034e-04 -8.222005e-04 
1.280034e-04 -7.887467e-02 1.280034e-04 -8.222006e-04 
1.280034e-04 -7.887469e-02 1.280034e-04 -8.222007e-04 
1.280034e-04 -7.887472e-02 1.280034e-04 -8.222011e-04 
1.280035e-04 -7.887479e-02 1.280035e-04 -8.222018e-04 
1.280036e-04 -7.887492e-02 1.280036e-04 -8.222032e-04 
1.280038e-04 -7.887518e-02 1.280038e-04 -8.222060e-04 
1.280038e-04 -7.887519e-02 1.280038e-04 -8.222061e-04 
1.280038e-04 -7.887519e-02 1.280038e-04 -8.222061e-04 
1.280038e-04 -7.887521e-02 1.280038e-04 -8.222063e-04 
1.280039e-04 -7.887524e-02 1.280039e-04 -8.222067e-04 
1.280039e-04 -7.887525e-02 1.280039e-04 -8.222067e-04 
1.280039e-04 -7.887525e-02 1.280039e-04 -8.222067e-04 
1.280039e-04 -7.887525e-02 1.280039e-04 -8.222067e-04 
1.280039e-04 -7.887525e-02 1.280039e-04 -8.222068e-04 
1.280039e-04 -7.887526e-02 1.280039e-04 -8.222069e-04 
1.280039e-04 -7.887526e-02 1.280039e-04 -8.222069e-04 
1.280039e-04 -7.887526e-02 1.280039e-04 -8.222069e-04 
1.280039e-04 -7.887526e-02 1.280039e-04 -8.222069e-04 
1.280039e-04 -7.887526e-02 1.280039e-04 -8.222069e-04 
1.280039e-04 -7.887527e-02 1.280039e-04 -8.222069e-04 
1.280039e-04 -7.887527e-02 1.280039e-04 -8.222069e-04 
1.280039e-04 -7.887527e-02 1.280039e-04 -8.222069e-04 
1.280039e-04 -7.887527e-02 1.280039e-04 -8.222069e-04 
1.280039e-04 -7.887527e-02 1.280039e-04 -8.222070e-04 
1.280039e-04 -7.887527e-02 1.280039e-04 -8.222070e-04 
1.280039e-04 -7.887527e-02 1.280039e-04 -8.222070e-04 
1.280039e-04 -7.887527e-02 1.280039e-04 -8.222070e-04 
1.280039e-04 -7.887527e-02 1.280039e-04 -8.222070e-04 
1.280039e-04 -7.887458e-02 1.280039e-04 -8.221996e-04 
1.280039e-04 -7.887527e-02 1.280039e-04 -8.222070e-04 
1.280039e-04 -7.887527e-02 1.280039e-04 -8.222070e-04 
1.280039e-04 -7.887527e-02 1.280039e-04 -8.222070e-04 
1.280039e-04 -7.887528e-02 1.280039e-04 -8.222070e-04 
1.280039e-04 -7.887528e-02 1.280039e-04 -8.222070e-04 
1.280039e-04 -7.887492e-02 1.280039e-04 -8.222032e-04 
1.280039e-04 -7.887457e-02 1.280039e-04 -8.221995e-04 
1.280039e-04 -7.887528e-02 1.280039e-04 -8.222070e-04 
1.280039e-04 -7.887528e-02 1.280039e-04 -8.222070e-04 
1.280039e-04 -7.887528e-02 1.280039e-04 -8.222070e-04 
1.280039e-04 -7.887519e-02 1.280039e-04 -8.222061e-04 
1.280039e-04 -7.887510e-02 1.280039e-04 -8.222051e-04 
1.280039e-04 -7.887492e-02 1.280039e-04 -8.222032e-04 
1.280039e-04 -7.887456e-02 1.280039e-04 -8.221994e-04 
1.280039e-04 -7.887528e-02 1.280039e-04 -8.222070e-04 
1.280039e-04 -7.887525e-02 1.280039e-04 -8.222068e-04 
1.280039e-04 -7.887523e-02 1.280039e-04 -8.222065e-04 
1.280039e-04 -7.887519e-02 1.280039e-04 -8.222061e-04 
1.280039e-04 -7.887528e-02 1.280039e-04 -8.222070e-04 
1.280039e-04 -7.887527e-02 1.280039e-04 -8.222070e-04 
1.280039e-04 -7.887527e-02 1.280039e-04 -8.222069e-04 
1.280039e-04 -7.887526e-02 1.280039e-04 -8.222068e-04 
1.280039e-04 -7.887524e-02 1.280039e-04 -8.222066e-04 
1.280039e-04 -7.887528e-02 1.280039e-04 -8.222070e-04 
1.280039e-04 -7.887527e-02 1.280039e-04 -8.222070e-04 
1.280039e-04 -7.887527e-02 1.280039e-04 -8.222070e-04 
1.280039e-04 -7.887527e-02 1.280039e-04 -8.222069e-04 
1.280039e-04 -7.887528e-02 1.280039e-04 -8.222070e-04 
1.280039e-04 -7.887528e-02 1.280039e-04 -8.222070e-04 
1.280039e-04 -7.887528e-02 1.280039e-04 -8.222070e-04 
1.280039e-04 -7.887528e-02 1.280039e-04 -8.222070e-04 
1.280039e-04 -7.887528e-02 1.280039e-04 -8.222070e-04 
1.280039e-04 -7.887528e-02 1.280039e-04 -8.222070e-04 
1.280039e-04 -7.887528e-02 1.280039e-04 -8.222070e-04 
1.280039e-04 -7.887528e-02 1.280039e-04 -8.222070e-04 
