1.000000e-08 3.845436e-26 
1.000012e-08 3.845482e-26 
1.000036e-08 3.845574e-26 
1.000084e-08 3.845759e-26 
1.000180e-08 3.846128e-26 
1.000372e-08 3.846866e-26 
1.000756e-08 3.848343e-26 
1.001524e-08 3.851296e-26 
1.003060e-08 3.857203e-26 
1.006132e-08 3.869016e-26 
1.012276e-08 3.892642e-26 
1.024564e-08 3.939895e-26 
1.049140e-08 4.034401e-26 
1.098292e-08 4.223413e-26 
1.196596e-08 4.601437e-26 
1.212611e-08 4.663022e-26 
1.229607e-08 4.728378e-26 
1.247281e-08 4.796344e-26 
1.261477e-08 4.850933e-26 
1.273894e-08 4.898682e-26 
1.286848e-08 4.948497e-26 
1.300012e-08 4.999119e-26 
1.300318e-08 5.000295e-26 
1.300929e-08 5.002646e-26 
1.302152e-08 5.007348e-26 
1.304598e-08 5.016753e-26 
1.309489e-08 5.035562e-26 
1.319271e-08 5.073180e-26 
1.338836e-08 5.148417e-26 
1.377966e-08 5.298890e-26 
1.379653e-08 5.305375e-26 
1.383025e-08 5.318344e-26 
1.387061e-08 5.333864e-26 
1.390849e-08 5.348431e-26 
1.394464e-08 5.362330e-26 
1.401692e-08 5.390127e-26 
1.403560e-08 5.397309e-26 
1.406752e-08 5.409585e-26 
1.413137e-08 5.434137e-26 
1.425906e-08 5.483240e-26 
1.451445e-08 5.581448e-26 
1.502522e-08 5.777863e-26 
1.604676e-08 6.170694e-26 
1.808985e-08 6.956356e-26 
2.217602e-08 8.527684e-26 
3.034836e-08 1.167036e-25 
4.669304e-08 1.795580e-25 
7.938240e-08 3.052732e-25 
1.447611e-07 5.567489e-25 
2.755186e-07 1.060038e-24 
2.803132e-07 1.078505e-24 
2.854445e-07 1.098269e-24 
2.914160e-07 1.121271e-24 
2.962158e-07 1.139761e-24 
3.011009e-07 1.158581e-24 
3.071982e-07 1.182073e-24 
3.131897e-07 1.205158e-24 
3.190693e-07 1.227814e-24 
3.221244e-07 1.239587e-24 
3.249496e-07 1.250475e-24 
3.283735e-07 1.263670e-24 
3.331829e-07 1.282206e-24 
3.403297e-07 1.309753e-24 
3.501471e-07 1.347598e-24 
3.542838e-07 1.363546e-24 
3.583006e-07 1.379033e-24 
3.628563e-07 1.396599e-24 
3.670822e-07 1.412894e-24 
3.707210e-07 1.426926e-24 
3.739111e-07 1.439228e-24 
3.771453e-07 1.451701e-24 
3.806803e-07 1.465335e-24 
3.844392e-07 1.479833e-24 
3.881584e-07 1.494180e-24 
3.917344e-07 1.507974e-24 
3.952753e-07 1.521634e-24 
3.989062e-07 1.535642e-24 
4.026495e-07 1.550084e-24 
4.064384e-07 1.564703e-24 
4.102133e-07 1.579270e-24 
4.139808e-07 1.593808e-24 
4.177823e-07 1.608479e-24 
4.216412e-07 1.623372e-24 
4.255472e-07 1.638448e-24 
4.294783e-07 1.653622e-24 
4.334273e-07 1.668866e-24 
4.374037e-07 1.684217e-24 
4.414188e-07 1.699718e-24 
4.454739e-07 1.715375e-24 
4.495634e-07 1.731166e-24 
4.536826e-07 1.747074e-24 
4.578327e-07 1.763101e-24 
4.620176e-07 1.779264e-24 
4.662393e-07 1.795571e-24 
4.704973e-07 1.812019e-24 
4.747899e-07 1.828602e-24 
4.791168e-07 1.845320e-24 
4.834792e-07 1.862175e-24 
4.878785e-07 1.879175e-24 
4.923148e-07 1.896320e-24 
4.967882e-07 1.913609e-24 
5.012984e-07 1.931042e-24 
5.058459e-07 1.948621e-24 
5.104314e-07 1.966349e-24 
5.150553e-07 1.984227e-24 
5.197179e-07 2.002256e-24 
5.244194e-07 2.020437e-24 
5.291602e-07 2.038772e-24 
5.339405e-07 2.057263e-24 
5.387609e-07 2.075910e-24 
5.436217e-07 2.094715e-24 
5.485233e-07 2.113681e-24 
5.534659e-07 2.132807e-24 
5.584500e-07 2.152096e-24 
5.634759e-07 2.171549e-24 
5.685441e-07 2.191168e-24 
5.736549e-07 2.210954e-24 
5.788087e-07 2.230909e-24 
5.840058e-07 2.251035e-24 
5.892467e-07 2.271332e-24 
5.945317e-07 2.291804e-24 
5.998613e-07 2.312450e-24 
6.052358e-07 2.333273e-24 
6.106557e-07 2.354275e-24 
6.161213e-07 2.375457e-24 
6.216331e-07 2.396821e-24 
6.271915e-07 2.418369e-24 
6.327968e-07 2.440102e-24 
6.384496e-07 2.462022e-24 
6.441502e-07 2.484131e-24 
6.498990e-07 2.506430e-24 
6.556966e-07 2.528922e-24 
6.615432e-07 2.551608e-24 
6.674394e-07 2.574490e-24 
6.733857e-07 2.597569e-24 
6.793823e-07 2.620849e-24 
6.854299e-07 2.644330e-24 
6.915288e-07 2.668014e-24 
6.976795e-07 2.691904e-24 
7.038824e-07 2.716001e-24 
7.101381e-07 2.740307e-24 
7.164470e-07 2.764825e-24 
7.228096e-07 2.789556e-24 
7.292263e-07 2.814502e-24 
7.356976e-07 2.839665e-24 
7.422240e-07 2.865048e-24 
7.488060e-07 2.890652e-24 
7.554441e-07 2.916480e-24 
7.621388e-07 2.942533e-24 
7.688905e-07 2.968814e-24 
7.756999e-07 2.995325e-24 
7.825673e-07 3.022068e-24 
7.894934e-07 3.049045e-24 
7.964785e-07 3.076259e-24 
8.035234e-07 3.103711e-24 
8.106284e-07 3.131405e-24 
8.177941e-07 3.159342e-24 
8.250210e-07 3.187525e-24 
8.323098e-07 3.215955e-24 
8.396608e-07 3.244637e-24 
8.470748e-07 3.273570e-24 
8.545521e-07 3.302759e-24 
8.620935e-07 3.332206e-24 
8.696994e-07 3.361913e-24 
8.773705e-07 3.391883e-24 
8.851072e-07 3.422118e-24 
8.929102e-07 3.452620e-24 
9.007801e-07 3.483393e-24 
9.087174e-07 3.514439e-24 
9.167227e-07 3.545760e-24 
9.247967e-07 3.577360e-24 
9.329399e-07 3.609240e-24 
9.411530e-07 3.641405e-24 
9.494366e-07 3.673855e-24 
9.577912e-07 3.706595e-24 
9.662175e-07 3.739627e-24 
9.747162e-07 3.772954e-24 
9.832878e-07 3.806579e-24 
9.921390e-07 3.841313e-24 
1.000000e-06 3.872172e-24 
1.001770e-06 3.879122e-24 
1.005311e-06 3.893025e-24 
1.012233e-06 3.920213e-24 
1.026077e-06 3.974613e-24 
1.053766e-06 4.083509e-24 
1.109143e-06 4.301705e-24 
1.219898e-06 4.739808e-24 
1.441408e-06 5.623710e-24 
1.884427e-06 7.429336e-24 
1.903868e-06 7.509923e-24 
1.927255e-06 7.607040e-24 
1.958685e-06 7.737839e-24 
2.000000e-06 7.910300e-24 
2.004628e-06 7.929656e-24 
2.013884e-06 7.968389e-24 
2.030444e-06 8.037765e-24 
2.063564e-06 8.176814e-24 
2.082321e-06 8.255739e-24 
2.100524e-06 8.332459e-24 
2.123976e-06 8.431486e-24 
2.156397e-06 8.568725e-24 
2.183823e-06 8.685140e-24 
2.211294e-06 8.802040e-24 
2.233700e-06 8.897611e-24 
2.251569e-06 8.973975e-24 
2.269336e-06 9.050031e-24 
2.289338e-06 9.135810e-24 
2.311381e-06 9.230536e-24 
2.333294e-06 9.324906e-24 
2.353890e-06 9.413790e-24 
2.373965e-06 9.500598e-24 
2.394617e-06 9.590089e-24 
2.416165e-06 9.683663e-24 
2.438116e-06 9.779202e-24 
2.459914e-06 9.874283e-24 
2.481538e-06 9.968823e-24 
2.503325e-06 1.006430e-23 
2.525510e-06 1.016174e-23 
2.548037e-06 1.026092e-23 
2.570719e-06 1.036103e-23 
2.593471e-06 1.046170e-23 
2.616359e-06 1.056322e-23 
2.639482e-06 1.066605e-23 
2.662866e-06 1.077031e-23 
2.686464e-06 1.087581e-23 
2.710232e-06 1.098236e-23 
2.734172e-06 1.108997e-23 
2.758316e-06 1.119880e-23 
2.782685e-06 1.130896e-23 
2.807274e-06 1.142044e-23 
2.832068e-06 1.153318e-23 
2.857063e-06 1.164718e-23 
2.882267e-06 1.176248e-23 
2.907689e-06 1.187914e-23 
2.933334e-06 1.199720e-23 
2.959198e-06 1.211665e-23 
2.985280e-06 1.223751e-23 
3.011583e-06 1.235979e-23 
3.038110e-06 1.248353e-23 
3.064865e-06 1.260878e-23 
3.091850e-06 1.273554e-23 
3.119065e-06 1.286384e-23 
3.146511e-06 1.299371e-23 
3.174191e-06 1.312517e-23 
3.202109e-06 1.325825e-23 
3.230265e-06 1.339300e-23 
3.258663e-06 1.352943e-23 
3.287303e-06 1.366757e-23 
3.316188e-06 1.380745e-23 
3.345319e-06 1.394912e-23 
3.374700e-06 1.409260e-23 
3.404333e-06 1.423793e-23 
3.434219e-06 1.438513e-23 
3.464361e-06 1.453426e-23 
3.494761e-06 1.468534e-23 
3.525422e-06 1.483841e-23 
3.556345e-06 1.499351e-23 
3.587533e-06 1.515068e-23 
3.618988e-06 1.530997e-23 
3.650712e-06 1.547141e-23 
3.682708e-06 1.563505e-23 
3.714979e-06 1.580093e-23 
3.747526e-06 1.596910e-23 
3.780352e-06 1.613960e-23 
3.813459e-06 1.631249e-23 
3.846851e-06 1.648781e-23 
3.880528e-06 1.666562e-23 
3.914495e-06 1.684597e-23 
3.948752e-06 1.702891e-23 
3.983304e-06 1.721450e-23 
4.018152e-06 1.740280e-23 
4.053299e-06 1.759387e-23 
4.088747e-06 1.778776e-23 
4.124500e-06 1.798454e-23 
4.160560e-06 1.818428e-23 
4.196929e-06 1.838704e-23 
4.233610e-06 1.859289e-23 
4.270606e-06 1.880190e-23 
4.307919e-06 1.901416e-23 
4.345553e-06 1.922972e-23 
4.383511e-06 1.944867e-23 
4.421794e-06 1.967110e-23 
4.460405e-06 1.989708e-23 
4.499349e-06 2.012670e-23 
4.538626e-06 2.036004e-23 
4.578241e-06 2.059721e-23 
4.618197e-06 2.083829e-23 
4.658495e-06 2.108339e-23 
4.699140e-06 2.133260e-23 
4.740134e-06 2.158602e-23 
4.781480e-06 2.184377e-23 
4.823182e-06 2.210596e-23 
4.865241e-06 2.237270e-23 
4.907662e-06 2.264410e-23 
4.950448e-06 2.292031e-23 
4.993601e-06 2.320143e-23 
5.037125e-06 2.348761e-23 
5.081023e-06 2.377898e-23 
5.125298e-06 2.407568e-23 
5.169954e-06 2.437785e-23 
5.214994e-06 2.468566e-23 
5.260420e-06 2.499925e-23 
5.306237e-06 2.531879e-23 
5.352448e-06 2.564445e-23 
5.399056e-06 2.597640e-23 
5.446065e-06 2.631482e-23 
5.493478e-06 2.665990e-23 
5.541298e-06 2.701184e-23 
5.589530e-06 2.737084e-23 
5.638176e-06 2.773711e-23 
5.687240e-06 2.811086e-23 
5.736726e-06 2.849232e-23 
5.786637e-06 2.888172e-23 
5.836977e-06 2.927932e-23 
5.887750e-06 2.968536e-23 
5.938960e-06 3.010011e-23 
5.990609e-06 3.052383e-23 
6.042703e-06 3.095681e-23 
6.095245e-06 3.139936e-23 
6.148238e-06 3.185176e-23 
6.201686e-06 3.231436e-23 
6.255594e-06 3.278747e-23 
6.309966e-06 3.327144e-23 
6.364805e-06 3.376663e-23 
6.420115e-06 3.427342e-23 
6.475901e-06 3.479219e-23 
6.532166e-06 3.532336e-23 
6.588914e-06 3.586735e-23 
6.646151e-06 3.642459e-23 
6.703879e-06 3.699555e-23 
6.762104e-06 3.758070e-23 
6.820829e-06 3.818056e-23 
6.880058e-06 3.879562e-23 
6.939797e-06 3.942646e-23 
7.000049e-06 4.007361e-23 
7.060819e-06 4.073770e-23 
7.122111e-06 4.141932e-23 
7.183929e-06 4.211912e-23 
7.246279e-06 4.283779e-23 
7.309165e-06 4.357602e-23 
7.372590e-06 4.433456e-23 
7.436561e-06 4.511416e-23 
7.501081e-06 4.591565e-23 
7.566156e-06 4.673985e-23 
7.631789e-06 4.758765e-23 
7.697987e-06 4.845998e-23 
7.764753e-06 4.935779e-23 
7.832092e-06 5.028209e-23 
7.900010e-06 5.123393e-23 
7.968511e-06 5.221443e-23 
8.037600e-06 5.322473e-23 
8.107283e-06 5.426606e-23 
8.177564e-06 5.533970e-23 
8.248448e-06 5.644699e-23 
8.319941e-06 5.758932e-23 
8.392048e-06 5.876817e-23 
8.464774e-06 5.998509e-23 
8.538124e-06 6.124170e-23 
8.612104e-06 6.253970e-23 
8.686718e-06 6.388089e-23 
8.761973e-06 6.526713e-23 
8.837874e-06 6.670041e-23 
8.914426e-06 6.818280e-23 
8.991635e-06 6.971649e-23 
9.069507e-06 7.130377e-23 
9.148047e-06 7.294705e-23 
9.227260e-06 7.464889e-23 
9.307153e-06 7.641195e-23 
9.387731e-06 7.823905e-23 
9.469000e-06 8.013317e-23 
9.550967e-06 8.209743e-23 
9.633636e-06 8.413512e-23 
9.717014e-06 8.624973e-23 
9.801107e-06 8.844491e-23 
9.885920e-06 9.072454e-23 
9.971461e-06 9.309269e-23 
1.005774e-05 9.555367e-23 
1.014475e-05 9.811203e-23 
1.023251e-05 1.007726e-22 
1.032102e-05 1.035404e-22 
1.041029e-05 1.064208e-22 
1.050032e-05 1.094195e-22 
1.059113e-05 1.125425e-22 
1.068271e-05 1.157961e-22 
1.077508e-05 1.191871e-22 
1.086824e-05 1.227225e-22 
1.096220e-05 1.264099e-22 
1.105696e-05 1.302573e-22 
1.115253e-05 1.342730e-22 
1.124892e-05 1.384661e-22 
1.134614e-05 1.428461e-22 
1.144419e-05 1.474230e-22 
1.154307e-05 1.522076e-22 
1.164281e-05 1.572111e-22 
1.174339e-05 1.624456e-22 
1.184484e-05 1.679239e-22 
1.194716e-05 1.736597e-22 
1.205035e-05 1.796673e-22 
1.215442e-05 1.859622e-22 
1.225938e-05 1.925607e-22 
1.236524e-05 1.994802e-22 
1.247201e-05 2.067393e-22 
1.257968e-05 2.143576e-22 
1.268828e-05 2.223562e-22 
1.279781e-05 2.307574e-22 
1.290827e-05 2.395853e-22 
1.301967e-05 2.488652e-22 
1.313203e-05 2.586243e-22 
1.324535e-05 2.688916e-22 
1.335963e-05 2.796981e-22 
1.347489e-05 2.910769e-22 
1.359114e-05 3.030634e-22 
1.370837e-05 3.156953e-22 
1.382661e-05 3.290131e-22 
1.394586e-05 3.430599e-22 
1.406612e-05 3.578822e-22 
1.418741e-05 3.735295e-22 
1.430974e-05 3.900549e-22 
1.443310e-05 4.075152e-22 
1.455752e-05 4.259716e-22 
1.468300e-05 4.454894e-22 
1.480955e-05 4.661389e-22 
1.493718e-05 4.879955e-22 
1.506590e-05 5.111401e-22 
1.519571e-05 5.356596e-22 
1.532663e-05 5.616478e-22 
1.545867e-05 5.892049e-22 
1.559183e-05 6.184393e-22 
1.572612e-05 6.494674e-22 
1.586156e-05 6.824146e-22 
1.599815e-05 7.174160e-22 
1.613590e-05 7.546171e-22 
1.627482e-05 7.941750e-22 
1.641493e-05 8.362590e-22 
1.655623e-05 8.810519e-22 
1.669873e-05 9.287513e-22 
1.684244e-05 9.795703e-22 
1.698738e-05 1.033739e-21 
1.713354e-05 1.091508e-21 
1.728095e-05 1.153146e-21 
1.742961e-05 1.218945e-21 
1.757954e-05 1.289222e-21 
1.773073e-05 1.364318e-21 
1.788321e-05 1.444606e-21 
1.803699e-05 1.530489e-21 
1.819207e-05 1.622403e-21 
1.834847e-05 1.720823e-21 
1.850620e-05 1.826266e-21 
1.866526e-05 1.939291e-21 
1.882568e-05 2.060509e-21 
1.898745e-05 2.190582e-21 
1.915060e-05 2.330232e-21 
1.931512e-05 2.480247e-21 
1.948105e-05 2.641483e-21 
1.964838e-05 2.814875e-21 
1.981712e-05 3.001442e-21 
1.998730e-05 3.202298e-21 
2.015892e-05 3.418659e-21 
2.033199e-05 3.651854e-21 
2.050653e-05 3.903336e-21 
2.068254e-05 4.174694e-21 
2.086004e-05 4.467669e-21 
2.103905e-05 4.784168e-21 
2.121957e-05 5.126281e-21 
2.140161e-05 5.496299e-21 
2.158519e-05 5.896738e-21 
2.177033e-05 6.330358e-21 
2.195703e-05 6.800195e-21 
2.214531e-05 7.309584e-21 
2.233517e-05 7.862194e-21 
2.252664e-05 8.462064e-21 
2.271973e-05 9.113642e-21 
2.291445e-05 9.821832e-21 
2.311081e-05 1.059204e-20 
2.330882e-05 1.143024e-20 
2.350851e-05 1.234300e-20 
2.370988e-05 1.333763e-20 
2.391295e-05 1.442216e-20 
2.411772e-05 1.560550e-20 
2.432423e-05 1.689751e-20 
2.453247e-05 1.830912e-20 
2.474247e-05 1.985244e-20 
2.478246e-05 2.016357e-20 
2.486244e-05 2.080040e-20 
2.487153e-05 2.088590e-20 
2.488971e-05 2.105946e-20 
2.492607e-05 2.135605e-20 
2.497671e-05 2.177612e-20 
2.498141e-05 2.184071e-20 
2.499081e-05 2.197742e-20 
2.499108e-05 2.197976e-20 
2.499162e-05 2.198619e-20 
2.499197e-05 2.198985e-20 
2.499234e-05 2.199263e-20 
2.499272e-05 2.199605e-20 
2.499307e-05 2.199890e-20 
2.499360e-05 2.200343e-20 
2.499426e-05 2.200896e-20 
2.499534e-05 2.201805e-20 
2.499719e-05 2.203369e-20 
2.500058e-05 2.206230e-20 
2.500060e-05 2.206247e-20 
2.500060e-05 2.206249e-20 
2.500061e-05 2.206253e-20 
2.500062e-05 2.206261e-20 
2.500062e-05 2.206261e-20 
2.500062e-05 2.206261e-20 
2.500062e-05 2.206262e-20 
2.500062e-05 2.206263e-20 
2.500062e-05 2.206265e-20 
2.500062e-05 2.206265e-20 
2.500062e-05 2.206265e-20 
2.500062e-05 2.206265e-20 
2.500062e-05 2.206265e-20 
2.500062e-05 2.206266e-20 
2.500062e-05 2.206267e-20 
2.500062e-05 2.206267e-20 
2.500062e-05 2.206267e-20 
2.500062e-05 2.206267e-20 
2.500062e-05 2.206267e-20 
2.500062e-05 2.206268e-20 
2.500062e-05 2.206268e-20 
2.500062e-05 2.206268e-20 
2.500062e-05 2.206268e-20 
2.500062e-05 2.206268e-20 
2.500062e-05 2.206268e-20 
2.500062e-05 2.206268e-20 
2.500062e-05 2.206268e-20 
2.500062e-05 2.206268e-20 
2.500062e-05 2.206268e-20 
2.500062e-05 2.206268e-20 
2.500062e-05 2.006562e-20 
2.500062e-05 1.541397e-20 
2.500062e-05 1.329464e-20 
2.500062e-05 1.005987e-20 
2.500062e-05 3.593489e-21 
2.500062e-05 -9.326560e-21 
2.500062e-05 -3.511584e-20 
2.500062e-05 -8.649122e-20 
2.500062e-05 -1.884298e-19 
2.500062e-05 -3.890628e-19 
2.500062e-05 -7.773888e-19 
2.500063e-05 -1.502592e-18 
2.500063e-05 -2.148206e-18 
2.500063e-05 -2.638094e-18 
2.500063e-05 -3.035797e-18 
2.500063e-05 -3.371724e-18 
2.500063e-05 -3.655453e-18 
2.500063e-05 -3.894930e-18 
2.500063e-05 -4.097581e-18 
2.500063e-05 -4.268671e-18 
2.500063e-05 -4.412779e-18 
2.500063e-05 -4.534690e-18 
2.500063e-05 -4.637999e-18 
2.500063e-05 -4.725522e-18 
2.500063e-05 -4.799557e-18 
2.500063e-05 -4.862359e-18 
2.500063e-05 -4.915621e-18 
2.500063e-05 -4.960798e-18 
2.500063e-05 -4.999190e-18 
2.500063e-05 -5.031737e-18 
2.500063e-05 -5.059377e-18 
2.500063e-05 -5.082881e-18 
2.500063e-05 -5.102901e-18 
2.500063e-05 -5.119932e-18 
2.500063e-05 -5.134430e-18 
2.500063e-05 -5.146783e-18 
2.500063e-05 -5.157318e-18 
2.500063e-05 -5.166306e-18 
2.500063e-05 -5.173970e-18 
2.500063e-05 -5.180520e-18 
2.500063e-05 -5.186128e-18 
2.500063e-05 -5.190919e-18 
2.500063e-05 -5.195017e-18 
2.500063e-05 -5.198525e-18 
2.500063e-05 -5.201531e-18 
2.500063e-05 -5.204107e-18 
2.500063e-05 -5.206316e-18 
2.500063e-05 -5.208212e-18 
2.500063e-05 -5.209839e-18 
2.500063e-05 -5.211237e-18 
2.500063e-05 -5.212439e-18 
2.500063e-05 -5.213473e-18 
2.500063e-05 -5.214363e-18 
2.500063e-05 -5.215128e-18 
2.500063e-05 -5.215787e-18 
2.500063e-05 -5.216357e-18 
2.500063e-05 -5.216847e-18 
2.500063e-05 -5.217270e-18 
2.500063e-05 -5.217636e-18 
2.500063e-05 -5.217951e-18 
2.500063e-05 -5.218224e-18 
2.500063e-05 -5.218461e-18 
2.500063e-05 -5.218665e-18 
2.500063e-05 -5.218842e-18 
2.500063e-05 -5.218996e-18 
2.500063e-05 -5.219129e-18 
2.500063e-05 -5.219245e-18 
2.500063e-05 -5.219345e-18 
2.500063e-05 -5.219433e-18 
2.500063e-05 -5.219509e-18 
2.500063e-05 -5.219575e-18 
2.500063e-05 -5.219632e-18 
2.500063e-05 -5.219682e-18 
2.500063e-05 -5.219726e-18 
2.500063e-05 -5.219764e-18 
2.500063e-05 -5.219798e-18 
2.500063e-05 -5.219827e-18 
2.500063e-05 -5.219853e-18 
2.500063e-05 -5.219875e-18 
2.500063e-05 -5.219897e-18 
2.500063e-05 -5.219915e-18 
2.500063e-05 -5.219931e-18 
2.500063e-05 -5.219945e-18 
2.500063e-05 -5.219958e-18 
2.500063e-05 -5.219969e-18 
2.500063e-05 -5.219979e-18 
2.500063e-05 -5.219988e-18 
2.500063e-05 -5.219996e-18 
2.500063e-05 -5.220003e-18 
2.500063e-05 -5.220010e-18 
2.500063e-05 -5.220016e-18 
2.500063e-05 -5.220023e-18 
2.500063e-05 -5.220026e-18 
2.500063e-05 -5.220029e-18 
2.500063e-05 -5.220031e-18 
2.500063e-05 -5.220033e-18 
2.500063e-05 -5.220035e-18 
2.500063e-05 -5.220037e-18 
2.500063e-05 -5.220038e-18 
2.500063e-05 -5.220040e-18 
2.500063e-05 -5.220041e-18 
2.500063e-05 -5.220042e-18 
2.500063e-05 -5.220043e-18 
2.500063e-05 -5.220043e-18 
2.500063e-05 -5.220044e-18 
2.500063e-05 -5.220045e-18 
2.500063e-05 -5.220046e-18 
2.500063e-05 -5.220046e-18 
2.500063e-05 -5.220047e-18 
2.500063e-05 -5.220047e-18 
2.500063e-05 -5.220047e-18 
2.500063e-05 -5.220048e-18 
2.500063e-05 -5.220048e-18 
2.500063e-05 -5.220048e-18 
2.500063e-05 -5.220049e-18 
2.500063e-05 -5.220049e-18 
2.500063e-05 -5.220049e-18 
2.500063e-05 -5.220049e-18 
2.500063e-05 -5.220049e-18 
2.500063e-05 -5.220049e-18 
2.500063e-05 -5.220049e-18 
2.500063e-05 -5.220050e-18 
2.500063e-05 -5.220050e-18 
2.500063e-05 -5.220050e-18 
2.500063e-05 -5.220050e-18 
2.500063e-05 -5.220050e-18 
2.500063e-05 -5.220050e-18 
2.500063e-05 -5.220050e-18 
2.500063e-05 -5.220050e-18 
2.500063e-05 -5.220050e-18 
2.500063e-05 -5.220050e-18 
2.500063e-05 -5.220050e-18 
2.500063e-05 -5.220050e-18 
2.500063e-05 -5.220050e-18 
2.500063e-05 -5.220050e-18 
2.500063e-05 -5.220050e-18 
2.500063e-05 -5.220050e-18 
2.500063e-05 -5.220050e-18 
2.500064e-05 -5.220050e-18 
2.500064e-05 -5.220050e-18 
2.500065e-05 -5.220050e-18 
2.500067e-05 -5.220050e-18 
2.500071e-05 -5.220050e-18 
2.500078e-05 -5.220050e-18 
2.500093e-05 -5.220050e-18 
2.500123e-05 -5.220049e-18 
2.500182e-05 -5.220049e-18 
2.500301e-05 -5.220049e-18 
2.500539e-05 -5.220047e-18 
2.501015e-05 -5.220045e-18 
2.501968e-05 -5.220040e-18 
2.503872e-05 -5.220030e-18 
2.507681e-05 -5.220010e-18 
2.515298e-05 -5.219970e-18 
2.530533e-05 -5.219890e-18 
2.561002e-05 -5.219730e-18 
2.621941e-05 -5.219410e-18 
2.644515e-05 -5.219292e-18 
2.667293e-05 -5.219173e-18 
2.696176e-05 -5.219021e-18 
2.739964e-05 -5.218791e-18 
2.770145e-05 -5.218633e-18 
2.798101e-05 -5.218487e-18 
2.824483e-05 -5.218348e-18 
2.847712e-05 -5.218226e-18 
2.870238e-05 -5.218108e-18 
2.894136e-05 -5.217983e-18 
2.919684e-05 -5.217849e-18 
2.945620e-05 -5.217713e-18 
2.970883e-05 -5.217580e-18 
2.995700e-05 -5.217450e-18 
3.020836e-05 -5.217319e-18 
3.046668e-05 -5.217183e-18 
3.072972e-05 -5.217045e-18 
3.099345e-05 -5.216907e-18 
3.125674e-05 -5.216769e-18 
3.152147e-05 -5.216630e-18 
3.178959e-05 -5.216489e-18 
3.206119e-05 -5.216347e-18 
3.233515e-05 -5.216203e-18 
3.261062e-05 -5.216059e-18 
3.288784e-05 -5.215914e-18 
3.316750e-05 -5.215767e-18 
3.344992e-05 -5.215619e-18 
3.373489e-05 -5.215470e-18 
3.402210e-05 -5.215319e-18 
3.431146e-05 -5.215167e-18 
3.460318e-05 -5.215015e-18 
3.489743e-05 -5.214860e-18 
3.519423e-05 -5.214705e-18 
3.549350e-05 -5.214548e-18 
3.579519e-05 -5.214390e-18 
3.609933e-05 -5.214230e-18 
3.640601e-05 -5.214070e-18 
3.671528e-05 -5.213908e-18 
3.702712e-05 -5.213744e-18 
3.734154e-05 -5.213579e-18 
3.765854e-05 -5.213413e-18 
3.797816e-05 -5.213246e-18 
3.830044e-05 -5.213077e-18 
3.862539e-05 -5.212907e-18 
3.895303e-05 -5.212735e-18 
3.928338e-05 -5.212562e-18 
3.961645e-05 -5.212388e-18 
3.995227e-05 -5.212212e-18 
4.029087e-05 -5.212034e-18 
4.063227e-05 -5.211855e-18 
4.097648e-05 -5.211675e-18 
4.132353e-05 -5.211493e-18 
4.167344e-05 -5.211310e-18 
4.202624e-05 -5.211125e-18 
4.238194e-05 -5.210939e-18 
4.274057e-05 -5.210751e-18 
4.310215e-05 -5.210562e-18 
4.346670e-05 -5.210371e-18 
4.383426e-05 -5.210178e-18 
4.420483e-05 -5.209984e-18 
4.457845e-05 -5.209789e-18 
4.495513e-05 -5.209591e-18 
4.533491e-05 -5.209393e-18 
4.571780e-05 -5.209192e-18 
4.610384e-05 -5.208990e-18 
4.649303e-05 -5.208786e-18 
4.688542e-05 -5.208581e-18 
4.728101e-05 -5.208374e-18 
4.767985e-05 -5.208165e-18 
4.808194e-05 -5.207954e-18 
4.848733e-05 -5.207742e-18 
4.889602e-05 -5.207528e-18 
4.930806e-05 -5.207313e-18 
4.980628e-05 -5.207052e-18 
5.000000e-05 -5.206950e-18 
5.009074e-05 -5.206903e-18 
5.027222e-05 -5.206808e-18 
5.059701e-05 -5.206638e-18 
5.124660e-05 -5.206298e-18 
5.168474e-05 -5.206069e-18 
5.211375e-05 -5.205844e-18 
5.259178e-05 -5.205594e-18 
5.306694e-05 -5.205345e-18 
5.350957e-05 -5.205114e-18 
5.393867e-05 -5.204889e-18 
5.438070e-05 -5.204658e-18 
5.484363e-05 -5.204416e-18 
5.531590e-05 -5.204169e-18 
5.578394e-05 -5.203924e-18 
5.624707e-05 -5.203682e-18 
5.671334e-05 -5.203438e-18 
5.718842e-05 -5.203189e-18 
5.767112e-05 -5.202937e-18 
5.815692e-05 -5.202683e-18 
5.864370e-05 -5.202428e-18 
5.913298e-05 -5.202173e-18 
5.962715e-05 -5.201914e-18 
6.012683e-05 -5.201653e-18 
6.063095e-05 -5.201389e-18 
6.114223e-05 -5.201122e-18 
6.166634e-05 -5.200848e-18 
6.221174e-05 -5.200563e-18 
6.279167e-05 -5.200260e-18 
6.343198e-05 -5.199925e-18 
6.421011e-05 -5.199518e-18 
6.521011e-05 -5.198996e-18 
6.621011e-05 -5.198473e-18 
6.721011e-05 -5.197951e-18 
6.821011e-05 -5.197428e-18 
6.921011e-05 -5.196906e-18 
7.021011e-05 -5.196383e-18 
7.121011e-05 -5.195861e-18 
7.221011e-05 -5.195339e-18 
7.321011e-05 -5.194816e-18 
7.421011e-05 -5.194294e-18 
7.521011e-05 -5.193772e-18 
7.621011e-05 -5.193250e-18 
7.721011e-05 -5.192728e-18 
7.821011e-05 -5.192206e-18 
7.921011e-05 -5.191684e-18 
8.021011e-05 -5.191162e-18 
8.121011e-05 -5.190641e-18 
8.221011e-05 -5.190119e-18 
8.321011e-05 -5.189597e-18 
8.421011e-05 -5.189075e-18 
8.521011e-05 -5.188554e-18 
8.621011e-05 -5.188032e-18 
8.721011e-05 -5.187511e-18 
8.821011e-05 -5.186989e-18 
8.921011e-05 -5.186468e-18 
9.021011e-05 -5.185947e-18 
9.121011e-05 -5.185425e-18 
9.221011e-05 -5.184904e-18 
9.321011e-05 -5.184383e-18 
9.421011e-05 -5.183862e-18 
9.521011e-05 -5.183341e-18 
9.621011e-05 -5.182820e-18 
9.721011e-05 -5.182299e-18 
9.821011e-05 -5.181778e-18 
9.921011e-05 -5.181257e-18 
9.922213e-05 -5.181251e-18 
9.924615e-05 -5.181238e-18 
9.929421e-05 -5.181213e-18 
9.939032e-05 -5.181163e-18 
9.958253e-05 -5.181063e-18 
9.996696e-05 -5.180863e-18 
9.997307e-05 -5.180859e-18 
9.998529e-05 -5.180853e-18 
9.998548e-05 -5.180853e-18 
9.998587e-05 -5.180853e-18 
9.998665e-05 -5.180852e-18 
9.998820e-05 -5.180852e-18 
9.999131e-05 -5.180850e-18 
9.999752e-05 -5.180847e-18 
9.999762e-05 -5.180847e-18 
9.999782e-05 -5.180847e-18 
9.999821e-05 -5.180846e-18 
9.999900e-05 -5.180846e-18 
9.999901e-05 -5.180846e-18 
9.999904e-05 -5.180846e-18 
9.999909e-05 -5.180846e-18 
9.999919e-05 -5.180846e-18 
9.999939e-05 -5.180846e-18 
9.999979e-05 -5.180846e-18 
9.999980e-05 -5.180846e-18 
9.999981e-05 -5.180846e-18 
9.999984e-05 -5.180845e-18 
9.999989e-05 -5.180845e-18 
9.999999e-05 -5.180845e-18 
9.999999e-05 -5.180845e-18 
9.999999e-05 -5.180845e-18 
9.999999e-05 -5.180845e-18 
1.000000e-04 -5.180845e-18 
1.000000e-04 -5.180845e-18 
1.000000e-04 -5.180845e-18 
1.000000e-04 -5.180845e-18 
1.000000e-04 -5.180845e-18 
1.000000e-04 -5.180845e-18 
1.000000e-04 -5.180845e-18 
1.000000e-04 -5.180845e-18 
1.000000e-04 -5.180845e-18 
1.000000e-04 -5.180845e-18 
1.000000e-04 -5.180845e-18 
1.000000e-04 -5.180845e-18 
1.000000e-04 -5.180845e-18 
1.000000e-04 -5.180845e-18 
1.000000e-04 -5.180845e-18 
1.000000e-04 -5.180845e-18 
1.000000e-04 -5.180845e-18 
1.000000e-04 -5.180845e-18 
1.000000e-04 -5.180845e-18 
1.000000e-04 -5.180845e-18 
1.000000e-04 -5.180845e-18 
1.000000e-04 -5.180845e-18 
1.000000e-04 -5.180845e-18 
1.000000e-04 -5.180845e-18 
1.000000e-04 -5.180845e-18 
1.000000e-04 -5.180845e-18 
1.000000e-04 -5.180845e-18 
1.000000e-04 -5.180845e-18 
1.000000e-04 -5.180845e-18 
1.000000e-04 -5.180845e-18 
