1.000000e-08 3.845436e-26 
1.000012e-08 3.845482e-26 
1.000036e-08 3.845574e-26 
1.000084e-08 3.845759e-26 
1.000180e-08 3.846128e-26 
1.000372e-08 3.846866e-26 
1.000756e-08 3.848343e-26 
1.001524e-08 3.851296e-26 
1.003060e-08 3.857203e-26 
1.006132e-08 3.869016e-26 
1.012276e-08 3.892642e-26 
1.024564e-08 3.939895e-26 
1.049140e-08 4.034401e-26 
1.098292e-08 4.223413e-26 
1.196596e-08 4.601437e-26 
1.212611e-08 4.663022e-26 
1.229607e-08 4.728378e-26 
1.247281e-08 4.796344e-26 
1.261477e-08 4.850933e-26 
1.273894e-08 4.898682e-26 
1.286848e-08 4.948497e-26 
1.300012e-08 4.999119e-26 
1.300318e-08 4.999709e-26 
1.300929e-08 5.002039e-26 
1.302152e-08 5.006748e-26 
1.304598e-08 5.016131e-26 
1.309489e-08 5.034949e-26 
1.319271e-08 5.072542e-26 
1.338836e-08 5.147774e-26 
1.377966e-08 5.298860e-26 
1.379652e-08 5.305360e-26 
1.383025e-08 5.318314e-26 
1.387061e-08 5.333849e-26 
1.390849e-08 5.348401e-26 
1.394463e-08 5.362314e-26 
1.401692e-08 5.390096e-26 
1.403560e-08 5.397295e-26 
1.406751e-08 5.409553e-26 
1.413135e-08 5.434115e-26 
1.425901e-08 5.483193e-26 
1.451434e-08 5.581394e-26 
1.502500e-08 5.777753e-26 
1.604633e-08 6.170514e-26 
1.808898e-08 6.955994e-26 
2.217427e-08 8.526999e-26 
3.034486e-08 1.166898e-25 
4.668604e-08 1.795310e-25 
7.936840e-08 3.052191e-25 
1.447331e-07 5.566410e-25 
2.754626e-07 1.059822e-24 
2.802555e-07 1.078282e-24 
2.853853e-07 1.098041e-24 
2.913556e-07 1.121039e-24 
2.961584e-07 1.139540e-24 
3.010458e-07 1.158369e-24 
3.071540e-07 1.181902e-24 
3.131207e-07 1.204892e-24 
3.189218e-07 1.227246e-24 
3.219576e-07 1.238945e-24 
3.247483e-07 1.249699e-24 
3.280757e-07 1.262523e-24 
3.323707e-07 1.279076e-24 
3.362823e-07 1.294152e-24 
3.409791e-07 1.312256e-24 
3.467521e-07 1.334510e-24 
3.506322e-07 1.349468e-24 
3.552905e-07 1.367427e-24 
3.596703e-07 1.384314e-24 
3.640066e-07 1.401034e-24 
3.674031e-07 1.414131e-24 
3.704384e-07 1.425836e-24 
3.736747e-07 1.438316e-24 
3.773025e-07 1.452307e-24 
3.811066e-07 1.466979e-24 
3.847626e-07 1.481081e-24 
3.882490e-07 1.494529e-24 
3.917441e-07 1.508011e-24 
3.953733e-07 1.522012e-24 
3.991183e-07 1.536460e-24 
4.028800e-07 1.550973e-24 
4.066069e-07 1.565354e-24 
4.103313e-07 1.579724e-24 
4.141051e-07 1.594287e-24 
4.179435e-07 1.609101e-24 
4.218234e-07 1.624075e-24 
4.257198e-07 1.639114e-24 
4.296318e-07 1.654214e-24 
4.335750e-07 1.669436e-24 
4.375603e-07 1.684821e-24 
4.415855e-07 1.700362e-24 
4.456422e-07 1.716025e-24 
4.497268e-07 1.731797e-24 
4.538424e-07 1.747691e-24 
4.579939e-07 1.763723e-24 
4.621826e-07 1.779901e-24 
4.664067e-07 1.796217e-24 
4.706643e-07 1.812664e-24 
4.749559e-07 1.829243e-24 
4.792830e-07 1.845962e-24 
4.836469e-07 1.862823e-24 
4.880477e-07 1.879829e-24 
4.924849e-07 1.896977e-24 
4.969584e-07 1.914267e-24 
5.014691e-07 1.931702e-24 
5.060174e-07 1.949284e-24 
5.106040e-07 1.967016e-24 
5.152288e-07 1.984897e-24 
5.198922e-07 2.002930e-24 
5.245944e-07 2.021114e-24 
5.293359e-07 2.039452e-24 
5.341172e-07 2.057946e-24 
5.389385e-07 2.076597e-24 
5.438002e-07 2.095406e-24 
5.487026e-07 2.114374e-24 
5.536461e-07 2.133504e-24 
5.586311e-07 2.152797e-24 
5.636580e-07 2.172254e-24 
5.687271e-07 2.191876e-24 
5.738389e-07 2.211667e-24 
5.789936e-07 2.231625e-24 
5.841917e-07 2.251755e-24 
5.894336e-07 2.272056e-24 
5.947197e-07 2.292532e-24 
6.000503e-07 2.313182e-24 
6.054259e-07 2.334010e-24 
6.108468e-07 2.355016e-24 
6.163135e-07 2.376202e-24 
6.218264e-07 2.397570e-24 
6.273858e-07 2.419122e-24 
6.329923e-07 2.440859e-24 
6.386462e-07 2.462784e-24 
6.443479e-07 2.484897e-24 
6.500979e-07 2.507201e-24 
6.558966e-07 2.529698e-24 
6.617445e-07 2.552388e-24 
6.676419e-07 2.575275e-24 
6.735893e-07 2.598360e-24 
6.795872e-07 2.621644e-24 
6.856360e-07 2.645130e-24 
6.917362e-07 2.668819e-24 
6.978882e-07 2.692715e-24 
7.040925e-07 2.716817e-24 
7.103495e-07 2.741129e-24 
7.166597e-07 2.765651e-24 
7.230236e-07 2.790388e-24 
7.294416e-07 2.815339e-24 
7.359143e-07 2.840508e-24 
7.424421e-07 2.865896e-24 
7.490255e-07 2.891506e-24 
7.556650e-07 2.917339e-24 
7.623612e-07 2.943399e-24 
7.691144e-07 2.969685e-24 
7.759252e-07 2.996202e-24 
7.827941e-07 3.022951e-24 
7.897217e-07 3.049934e-24 
7.967084e-07 3.077154e-24 
8.037547e-07 3.104613e-24 
8.108613e-07 3.132313e-24 
8.180286e-07 3.160256e-24 
8.252571e-07 3.188445e-24 
8.325475e-07 3.216883e-24 
8.399002e-07 3.245570e-24 
8.473158e-07 3.274511e-24 
8.547948e-07 3.303707e-24 
8.623378e-07 3.333160e-24 
8.699455e-07 3.362874e-24 
8.776182e-07 3.392851e-24 
8.853567e-07 3.423093e-24 
8.931615e-07 3.453602e-24 
9.010331e-07 3.484382e-24 
9.089722e-07 3.515435e-24 
9.169794e-07 3.546764e-24 
9.250552e-07 3.578371e-24 
9.332003e-07 3.610259e-24 
9.414152e-07 3.642431e-24 
9.497007e-07 3.674890e-24 
9.580572e-07 3.707638e-24 
9.664855e-07 3.740678e-24 
9.749861e-07 3.774013e-24 
9.835597e-07 3.807646e-24 
9.925544e-07 3.842943e-24 
1.000000e-06 3.872172e-24 
1.001799e-06 3.879235e-24 
1.005397e-06 3.893363e-24 
1.012255e-06 3.920298e-24 
1.025970e-06 3.974191e-24 
1.053401e-06 4.082073e-24 
1.108263e-06 4.298231e-24 
1.217987e-06 4.732226e-24 
1.437434e-06 5.607755e-24 
1.876330e-06 7.395806e-24 
1.895410e-06 7.474847e-24 
1.918504e-06 7.570678e-24 
1.949766e-06 7.700688e-24 
1.995455e-06 7.891297e-24 
2.000000e-06 7.910300e-24 
2.001437e-06 7.916307e-24 
2.004310e-06 7.928324e-24 
2.010056e-06 7.952366e-24 
2.021548e-06 8.000484e-24 
2.044532e-06 8.096864e-24 
2.090501e-06 8.290200e-24 
2.182438e-06 8.679254e-24 
2.366312e-06 9.467486e-24 
2.734061e-06 1.108947e-23 
3.469558e-06 1.456003e-23 
3.524737e-06 1.483498e-23 
3.577858e-06 1.510184e-23 
3.633681e-06 1.538464e-23 
3.669102e-06 1.556536e-23 
3.702790e-06 1.573817e-23 
3.740233e-06 1.593134e-23 
3.776200e-06 1.611798e-23 
3.809082e-06 1.628957e-23 
3.841286e-06 1.645853e-23 
3.875011e-06 1.663642e-23 
3.910527e-06 1.682485e-23 
3.946513e-06 1.701692e-23 
3.981892e-06 1.720689e-23 
4.016889e-06 1.739595e-23 
4.052298e-06 1.758840e-23 
4.088510e-06 1.778645e-23 
4.125290e-06 1.798890e-23 
4.162221e-06 1.819351e-23 
4.199192e-06 1.839970e-23 
4.236398e-06 1.860859e-23 
4.274039e-06 1.882137e-23 
4.312127e-06 1.903818e-23 
4.350543e-06 1.925841e-23 
4.389205e-06 1.948166e-23 
4.428137e-06 1.970811e-23 
4.467412e-06 1.993826e-23 
4.507062e-06 2.017238e-23 
4.547069e-06 2.041043e-23 
4.587399e-06 2.065230e-23 
4.628047e-06 2.089802e-23 
4.669033e-06 2.114780e-23 
4.710376e-06 2.140185e-23 
4.752081e-06 2.166027e-23 
4.794139e-06 2.192312e-23 
4.836546e-06 2.219046e-23 
4.879308e-06 2.246242e-23 
4.922433e-06 2.273918e-23 
4.965928e-06 2.302086e-23 
5.009793e-06 2.330759e-23 
5.054029e-06 2.359948e-23 
5.098639e-06 2.389668e-23 
5.143626e-06 2.419933e-23 
5.188996e-06 2.450761e-23 
5.234752e-06 2.482166e-23 
5.280897e-06 2.514165e-23 
5.327433e-06 2.546773e-23 
5.374364e-06 2.580009e-23 
5.421694e-06 2.613891e-23 
5.469426e-06 2.648437e-23 
5.517565e-06 2.683668e-23 
5.566112e-06 2.719603e-23 
5.615073e-06 2.756263e-23 
5.664449e-06 2.793670e-23 
5.714246e-06 2.831846e-23 
5.764466e-06 2.870816e-23 
5.815114e-06 2.910604e-23 
5.866193e-06 2.951234e-23 
5.917707e-06 2.992733e-23 
5.969659e-06 3.035129e-23 
6.022054e-06 3.078450e-23 
6.074895e-06 3.122725e-23 
6.128186e-06 3.167986e-23 
6.181932e-06 3.214263e-23 
6.236135e-06 3.261591e-23 
6.290800e-06 3.310005e-23 
6.345931e-06 3.359539e-23 
6.401532e-06 3.410231e-23 
6.457607e-06 3.462122e-23 
6.514160e-06 3.515250e-23 
6.571196e-06 3.569659e-23 
6.628717e-06 3.625393e-23 
6.686730e-06 3.682498e-23 
6.745237e-06 3.741022e-23 
6.804244e-06 3.801015e-23 
6.863753e-06 3.862528e-23 
6.923771e-06 3.925618e-23 
6.984301e-06 3.990339e-23 
7.045347e-06 4.056753e-23 
7.106915e-06 4.124920e-23 
7.169008e-06 4.194905e-23 
7.231631e-06 4.266777e-23 
7.294788e-06 4.340605e-23 
7.358485e-06 4.416464e-23 
7.422726e-06 4.494430e-23 
7.487515e-06 4.574584e-23 
7.552858e-06 4.657010e-23 
7.618758e-06 4.741798e-23 
7.685221e-06 4.829039e-23 
7.752252e-06 4.918830e-23 
7.819856e-06 5.011271e-23 
7.888037e-06 5.106468e-23 
7.956800e-06 5.204532e-23 
8.026151e-06 5.305579e-23 
8.096094e-06 5.409731e-23 
8.166634e-06 5.517117e-23 
8.237777e-06 5.627870e-23 
8.309528e-06 5.742131e-23 
8.381892e-06 5.860049e-23 
8.454874e-06 5.981777e-23 
8.528480e-06 6.107478e-23 
8.602715e-06 6.237324e-23 
8.677584e-06 6.371493e-23 
8.753092e-06 6.510175e-23 
8.829246e-06 6.653566e-23 
8.906050e-06 6.801876e-23 
8.983511e-06 6.955324e-23 
9.061633e-06 7.114139e-23 
9.140423e-06 7.278564e-23 
9.219886e-06 7.448854e-23 
9.300028e-06 7.625278e-23 
9.380855e-06 7.808118e-23 
9.462372e-06 7.997672e-23 
9.544586e-06 8.194254e-23 
9.627502e-06 8.398194e-23 
9.711127e-06 8.609842e-23 
9.795465e-06 8.829565e-23 
9.880525e-06 9.057752e-23 
9.966311e-06 9.294811e-23 
1.005283e-05 9.541175e-23 
1.014009e-05 9.797300e-23 
1.022809e-05 1.006367e-22 
1.031685e-05 1.034079e-22 
1.040636e-05 1.062920e-22 
1.049664e-05 1.092948e-22 
1.058769e-05 1.124222e-22 
1.067951e-05 1.156805e-22 
1.077212e-05 1.190767e-22 
1.086552e-05 1.226177e-22 
1.095972e-05 1.263111e-22 
1.105472e-05 1.301650e-22 
1.115054e-05 1.341878e-22 
1.124717e-05 1.383886e-22 
1.134463e-05 1.427768e-22 
1.144292e-05 1.473627e-22 
1.154204e-05 1.521568e-22 
1.164202e-05 1.571707e-22 
1.174285e-05 1.624165e-22 
1.184453e-05 1.679069e-22 
1.194709e-05 1.736558e-22 
1.205052e-05 1.796775e-22 
1.215483e-05 1.859876e-22 
1.226003e-05 1.926025e-22 
1.236613e-05 1.995397e-22 
1.247314e-05 2.068178e-22 
1.258106e-05 2.144567e-22 
1.268989e-05 2.224774e-22 
1.279966e-05 2.309026e-22 
1.291036e-05 2.397562e-22 
1.302201e-05 2.490638e-22 
1.313461e-05 2.588528e-22 
1.324816e-05 2.691524e-22 
1.336269e-05 2.799936e-22 
1.347819e-05 2.914099e-22 
1.359468e-05 3.034367e-22 
1.371215e-05 3.161121e-22 
1.383063e-05 3.294767e-22 
1.395012e-05 3.435742e-22 
1.407063e-05 3.584510e-22 
1.419216e-05 3.741571e-22 
1.431473e-05 3.907458e-22 
1.443834e-05 4.082746e-22 
1.456300e-05 4.268047e-22 
1.468873e-05 4.464021e-22 
1.481552e-05 4.671375e-22 
1.494340e-05 4.890868e-22 
1.507236e-05 5.123314e-22 
1.520242e-05 5.369590e-22 
1.533358e-05 5.630638e-22 
1.546586e-05 5.907470e-22 
1.559927e-05 6.201176e-22 
1.573381e-05 6.512928e-22 
1.586949e-05 6.843990e-22 
1.600633e-05 7.195723e-22 
1.614433e-05 7.569593e-22 
1.628351e-05 7.967183e-22 
1.642386e-05 8.390199e-22 
1.656541e-05 8.840484e-22 
1.670816e-05 9.320028e-22 
1.685213e-05 9.830979e-22 
1.699732e-05 1.037566e-21 
1.714373e-05 1.095659e-21 
1.729140e-05 1.157648e-21 
1.744031e-05 1.223828e-21 
1.759049e-05 1.294518e-21 
1.774195e-05 1.370063e-21 
1.789468e-05 1.450838e-21 
1.804872e-05 1.537249e-21 
1.820406e-05 1.629737e-21 
1.836072e-05 1.728781e-21 
1.851870e-05 1.834902e-21 
1.867803e-05 1.948665e-21 
1.883870e-05 2.070685e-21 
1.900074e-05 2.201631e-21 
1.916415e-05 2.342232e-21 
1.932894e-05 2.493282e-21 
1.949513e-05 2.655646e-21 
1.966272e-05 2.830268e-21 
1.983174e-05 3.018177e-21 
2.000218e-05 3.220498e-21 
2.017407e-05 3.438457e-21 
2.034741e-05 3.673397e-21 
2.052222e-05 3.926785e-21 
2.069850e-05 4.200228e-21 
2.087628e-05 4.495484e-21 
2.105556e-05 4.814477e-21 
2.123635e-05 5.159321e-21 
2.141867e-05 5.532331e-21 
2.160253e-05 5.936048e-21 
2.178795e-05 6.373263e-21 
2.197493e-05 6.847043e-21 
2.216348e-05 7.360759e-21 
2.235363e-05 7.918121e-21 
2.254539e-05 8.523213e-21 
2.273876e-05 9.180532e-21 
2.293376e-05 9.895036e-21 
2.313041e-05 1.067219e-20 
2.332871e-05 1.151804e-20 
2.352869e-05 1.243924e-20 
2.373035e-05 1.344316e-20 
2.393371e-05 1.453794e-20 
2.413878e-05 1.573260e-20 
2.434558e-05 1.703711e-20 
2.455412e-05 1.846254e-20 
2.476441e-05 2.002113e-20 
2.497648e-05 2.172650e-20 
2.519032e-05 2.359375e-20 
2.540597e-05 2.563966e-20 
2.544254e-05 2.599868e-20 
2.551567e-05 2.673255e-20 
2.552272e-05 2.677576e-20 
2.553682e-05 2.686896e-20 
2.555470e-05 2.705580e-20 
2.557085e-05 2.722527e-20 
2.560313e-05 2.756779e-20 
2.560523e-05 2.759009e-20 
2.560944e-05 2.763511e-20 
2.561784e-05 2.772504e-20 
2.563016e-05 2.785769e-20 
2.563069e-05 2.786309e-20 
2.563176e-05 2.787441e-20 
2.563178e-05 2.787457e-20 
2.563182e-05 2.787492e-20 
2.563191e-05 2.787592e-20 
2.563191e-05 2.787594e-20 
2.563191e-05 2.787596e-20 
2.563192e-05 2.787603e-20 
2.563193e-05 2.787615e-20 
2.563195e-05 2.787639e-20 
2.563199e-05 2.787687e-20 
2.563199e-05 2.787688e-20 
2.563199e-05 2.787689e-20 
2.563200e-05 2.787692e-20 
2.563200e-05 2.787698e-20 
2.563201e-05 2.787711e-20 
2.563204e-05 2.787735e-20 
2.563204e-05 2.787735e-20 
2.563204e-05 2.787736e-20 
2.563204e-05 2.787738e-20 
2.563204e-05 2.787741e-20 
2.563205e-05 2.787747e-20 
2.563205e-05 2.787747e-20 
2.563205e-05 2.787747e-20 
2.563205e-05 2.787747e-20 
2.563205e-05 2.787748e-20 
2.563205e-05 2.787750e-20 
2.563205e-05 2.787750e-20 
2.563205e-05 2.787750e-20 
2.563205e-05 2.787750e-20 
2.563205e-05 2.787750e-20 
2.563205e-05 2.787751e-20 
2.563205e-05 2.787751e-20 
2.563205e-05 2.787751e-20 
2.563205e-05 2.787751e-20 
2.563205e-05 2.787751e-20 
2.563205e-05 2.787752e-20 
2.563205e-05 2.787752e-20 
2.563205e-05 2.787752e-20 
2.563205e-05 2.787752e-20 
2.563205e-05 2.787752e-20 
2.563205e-05 2.787752e-20 
2.563205e-05 2.787752e-20 
2.563205e-05 2.787752e-20 
2.563205e-05 2.787752e-20 
2.563205e-05 2.787752e-20 
2.563205e-05 2.787752e-20 
2.563205e-05 2.787752e-20 
2.563205e-05 2.787752e-20 
2.563205e-05 2.787752e-20 
2.563205e-05 2.787752e-20 
2.563205e-05 2.787752e-20 
2.563205e-05 2.787752e-20 
2.563205e-05 2.787752e-20 
2.563205e-05 2.787752e-20 
2.563205e-05 2.787211e-20 
2.563205e-05 2.786171e-20 
2.563205e-05 2.785499e-20 
2.563205e-05 2.784846e-20 
2.563205e-05 2.783541e-20 
2.563205e-05 2.780933e-20 
2.563205e-05 2.775727e-20 
2.563205e-05 2.765356e-20 
2.563205e-05 2.744773e-20 
2.563205e-05 2.704243e-20 
2.563205e-05 2.625656e-20 
2.563205e-05 2.552346e-20 
2.563205e-05 2.483453e-20 
2.563205e-05 2.412648e-20 
2.563205e-05 2.347365e-20 
2.563205e-05 2.282454e-20 
2.563205e-05 2.222200e-20 
2.563205e-05 2.162727e-20 
2.563205e-05 2.107055e-20 
2.563205e-05 2.052464e-20 
2.563205e-05 2.001067e-20 
2.563205e-05 1.950926e-20 
2.563205e-05 1.903507e-20 
2.563205e-05 1.857426e-20 
2.563205e-05 1.813697e-20 
2.563205e-05 1.771330e-20 
2.563205e-05 1.731020e-20 
2.563205e-05 1.692053e-20 
2.563205e-05 1.654906e-20 
2.563205e-05 1.619058e-20 
2.563205e-05 1.584832e-20 
2.563205e-05 1.551847e-20 
2.563205e-05 1.520317e-20 
2.563205e-05 1.489963e-20 
2.563205e-05 1.460921e-20 
2.563205e-05 1.432984e-20 
2.563205e-05 1.406236e-20 
2.563205e-05 1.380521e-20 
2.563205e-05 1.355889e-20 
2.563205e-05 1.332218e-20 
2.563205e-05 1.309534e-20 
2.563205e-05 1.287743e-20 
2.563205e-05 1.266855e-20 
2.563205e-05 1.246794e-20 
2.563205e-05 1.227560e-20 
2.563205e-05 1.209092e-20 
2.563205e-05 1.191381e-20 
2.563205e-05 1.174379e-20 
2.563205e-05 1.158071e-20 
2.563205e-05 1.142417e-20 
2.563205e-05 1.127402e-20 
2.563205e-05 1.112990e-20 
2.563205e-05 1.099164e-20 
2.563205e-05 1.085895e-20 
2.563205e-05 1.073165e-20 
2.563205e-05 1.060948e-20 
2.563205e-05 1.049227e-20 
2.563205e-05 1.037979e-20 
2.563205e-05 1.027187e-20 
2.563205e-05 1.016831e-20 
2.563205e-05 1.006894e-20 
2.563205e-05 9.973585e-21 
2.563205e-05 9.882094e-21 
2.563205e-05 9.794299e-21 
2.563205e-05 9.710060e-21 
2.563205e-05 9.629224e-21 
2.563205e-05 9.551661e-21 
2.563205e-05 9.477233e-21 
2.563205e-05 9.405817e-21 
2.563205e-05 9.337287e-21 
2.563205e-05 9.271531e-21 
2.563205e-05 9.208433e-21 
2.563205e-05 9.147888e-21 
2.563205e-05 9.089790e-21 
2.563205e-05 9.034042e-21 
2.563205e-05 8.980548e-21 
2.563205e-05 8.929218e-21 
2.563205e-05 8.879963e-21 
2.563205e-05 8.832700e-21 
2.563205e-05 8.787347e-21 
2.563205e-05 8.743828e-21 
2.563205e-05 8.702069e-21 
2.563205e-05 8.661998e-21 
2.563205e-05 8.623547e-21 
2.563205e-05 8.586650e-21 
2.563205e-05 8.551245e-21 
2.563205e-05 8.517270e-21 
2.563205e-05 8.484669e-21 
2.563205e-05 8.453386e-21 
2.563205e-05 8.423367e-21 
2.563205e-05 8.394561e-21 
2.563205e-05 8.366919e-21 
2.563205e-05 8.340395e-21 
2.563205e-05 8.314942e-21 
2.563205e-05 8.290517e-21 
2.563205e-05 8.267079e-21 
2.563205e-05 8.244588e-21 
2.563205e-05 8.223006e-21 
2.563205e-05 8.202296e-21 
2.563205e-05 8.182422e-21 
2.563205e-05 8.163350e-21 
2.563205e-05 8.145050e-21 
2.563205e-05 8.127488e-21 
2.563205e-05 8.110635e-21 
2.563205e-05 8.094463e-21 
2.563205e-05 8.078944e-21 
2.563205e-05 8.064051e-21 
2.563205e-05 8.049759e-21 
2.563205e-05 8.036045e-21 
2.563205e-05 8.022884e-21 
2.563205e-05 8.010254e-21 
2.563205e-05 7.998134e-21 
2.563205e-05 7.986503e-21 
2.563205e-05 7.975342e-21 
2.563205e-05 7.964630e-21 
2.563205e-05 7.954351e-21 
2.563205e-05 7.944487e-21 
2.563205e-05 7.935020e-21 
2.563205e-05 7.925936e-21 
2.563205e-05 7.917217e-21 
2.563205e-05 7.908851e-21 
2.563205e-05 7.900821e-21 
2.563205e-05 7.893116e-21 
2.563205e-05 7.885721e-21 
2.563205e-05 7.878624e-21 
2.563205e-05 7.871813e-21 
2.563205e-05 7.865277e-21 
2.563205e-05 7.859004e-21 
2.563205e-05 7.852984e-21 
2.563205e-05 7.847206e-21 
2.563205e-05 7.841661e-21 
2.563205e-05 7.836340e-21 
2.563205e-05 7.831233e-21 
2.563205e-05 7.826331e-21 
2.563205e-05 7.821627e-21 
2.563205e-05 7.817113e-21 
2.563205e-05 7.812779e-21 
2.563205e-05 7.808621e-21 
2.563205e-05 7.804630e-21 
2.563205e-05 7.800799e-21 
2.563205e-05 7.797122e-21 
2.563205e-05 7.793594e-21 
2.563205e-05 7.790207e-21 
2.563205e-05 7.786956e-21 
2.563205e-05 7.783836e-21 
2.563205e-05 7.780841e-21 
2.563205e-05 7.777967e-21 
2.563205e-05 7.775208e-21 
2.563205e-05 7.772544e-21 
2.563205e-05 7.769963e-21 
2.563205e-05 7.767467e-21 
2.563205e-05 7.765052e-21 
2.563205e-05 7.762719e-21 
2.563205e-05 7.760464e-21 
2.563205e-05 7.758287e-21 
2.563205e-05 7.756186e-21 
2.563205e-05 7.754160e-21 
2.563205e-05 7.752206e-21 
2.563205e-05 7.750324e-21 
2.563205e-05 7.748511e-21 
2.563205e-05 7.746766e-21 
2.563205e-05 7.745089e-21 
2.563205e-05 7.743477e-21 
2.563205e-05 7.741927e-21 
2.563205e-05 7.740438e-21 
2.563205e-05 7.739008e-21 
2.563205e-05 7.737637e-21 
2.563205e-05 7.736324e-21 
2.563205e-05 7.735066e-21 
2.563205e-05 7.733862e-21 
2.563205e-05 7.732711e-21 
2.563205e-05 7.731612e-21 
2.563205e-05 7.730564e-21 
2.563205e-05 7.729565e-21 
2.563205e-05 7.728614e-21 
2.563205e-05 7.727710e-21 
2.563205e-05 7.726853e-21 
2.563205e-05 7.726040e-21 
2.563205e-05 7.725272e-21 
2.563205e-05 7.724548e-21 
2.563205e-05 7.723865e-21 
2.563205e-05 7.723224e-21 
2.563205e-05 7.722624e-21 
2.563205e-05 7.722063e-21 
2.563205e-05 7.721541e-21 
2.563205e-05 7.721057e-21 
2.563205e-05 7.720609e-21 
2.563205e-05 7.720197e-21 
2.563205e-05 7.719819e-21 
2.563205e-05 7.719474e-21 
2.563205e-05 7.719162e-21 
2.563205e-05 7.718879e-21 
2.563205e-05 7.718626e-21 
2.563205e-05 7.718401e-21 
2.563205e-05 7.718202e-21 
2.563205e-05 7.718027e-21 
2.563205e-05 7.717876e-21 
2.563205e-05 7.717745e-21 
2.563205e-05 7.717635e-21 
2.563205e-05 7.717542e-21 
2.563205e-05 7.717466e-21 
2.563205e-05 7.717404e-21 
2.563205e-05 7.717356e-21 
2.563205e-05 7.717318e-21 
2.563205e-05 7.717290e-21 
2.563205e-05 7.717270e-21 
2.563205e-05 7.717256e-21 
2.563205e-05 7.717247e-21 
2.563205e-05 7.717242e-21 
2.563205e-05 7.717240e-21 
2.563205e-05 7.717238e-21 
2.563205e-05 7.717238e-21 
2.563205e-05 7.717238e-21 
2.563205e-05 7.717238e-21 
2.563205e-05 7.717238e-21 
2.563205e-05 7.717238e-21 
2.563205e-05 7.717238e-21 
2.563206e-05 7.717238e-21 
2.563206e-05 7.717238e-21 
2.563207e-05 7.717238e-21 
2.563209e-05 7.717238e-21 
2.563212e-05 7.717238e-21 
2.563220e-05 7.717238e-21 
2.563234e-05 7.717239e-21 
2.563264e-05 7.717239e-21 
2.563322e-05 7.717240e-21 
2.563439e-05 7.717242e-21 
2.563672e-05 7.717247e-21 
2.564139e-05 7.717255e-21 
2.565073e-05 7.717272e-21 
2.566941e-05 7.717306e-21 
2.570677e-05 7.717373e-21 
2.578149e-05 7.717508e-21 
2.593093e-05 7.717779e-21 
2.622982e-05 7.718320e-21 
2.682758e-05 7.719404e-21 
2.706214e-05 7.719830e-21 
2.729333e-05 7.720250e-21 
2.759844e-05 7.720805e-21 
2.799183e-05 7.721522e-21 
2.828861e-05 7.722064e-21 
2.863080e-05 7.722689e-21 
2.900027e-05 7.723364e-21 
2.926198e-05 7.723843e-21 
2.951399e-05 7.724305e-21 
2.976817e-05 7.724771e-21 
3.002233e-05 7.725237e-21 
3.027718e-05 7.725705e-21 
3.053457e-05 7.726178e-21 
3.079531e-05 7.726658e-21 
3.105874e-05 7.727142e-21 
3.132394e-05 7.727631e-21 
3.159075e-05 7.728123e-21 
3.185965e-05 7.728619e-21 
3.213109e-05 7.729120e-21 
3.240509e-05 7.729626e-21 
3.268136e-05 7.730137e-21 
3.295974e-05 7.730652e-21 
3.324032e-05 7.731171e-21 
3.352328e-05 7.731695e-21 
3.380870e-05 7.732224e-21 
3.409654e-05 7.732758e-21 
3.438673e-05 7.733297e-21 
3.467928e-05 7.733840e-21 
3.497425e-05 7.734389e-21 
3.527170e-05 7.734942e-21 
3.557164e-05 7.735500e-21 
3.587407e-05 7.736064e-21 
3.617899e-05 7.736632e-21 
3.648643e-05 7.737205e-21 
3.679643e-05 7.737784e-21 
3.710901e-05 7.738368e-21 
3.742417e-05 7.738956e-21 
3.774195e-05 7.739551e-21 
3.806235e-05 7.740150e-21 
3.838540e-05 7.740755e-21 
3.871112e-05 7.741365e-21 
3.903954e-05 7.741980e-21 
3.937068e-05 7.742601e-21 
3.970455e-05 7.743228e-21 
4.004117e-05 7.743860e-21 
4.038058e-05 7.744497e-21 
4.072279e-05 7.745141e-21 
4.106782e-05 7.745790e-21 
4.141569e-05 7.746444e-21 
4.176643e-05 7.747104e-21 
4.212006e-05 7.747771e-21 
4.247660e-05 7.748443e-21 
4.283608e-05 7.749121e-21 
4.319852e-05 7.749804e-21 
4.356393e-05 7.750494e-21 
4.393235e-05 7.751190e-21 
4.430379e-05 7.751892e-21 
4.467829e-05 7.752600e-21 
4.505586e-05 7.753314e-21 
4.543653e-05 7.754035e-21 
4.582032e-05 7.754761e-21 
4.620725e-05 7.755494e-21 
4.659736e-05 7.756234e-21 
4.699066e-05 7.756979e-21 
4.738718e-05 7.757731e-21 
4.778694e-05 7.758490e-21 
4.818997e-05 7.759255e-21 
4.859630e-05 7.760027e-21 
4.900595e-05 7.760806e-21 
4.941894e-05 7.761591e-21 
5.000000e-05 7.762696e-21 
5.008260e-05 7.762854e-21 
5.024779e-05 7.763168e-21 
5.057819e-05 7.763797e-21 
5.123897e-05 7.765055e-21 
5.167368e-05 7.765884e-21 
5.210155e-05 7.766699e-21 
5.259813e-05 7.767647e-21 
5.308976e-05 7.768585e-21 
5.353184e-05 7.769428e-21 
5.395322e-05 7.770233e-21 
5.439098e-05 7.771069e-21 
5.485661e-05 7.771959e-21 
5.533423e-05 7.772872e-21 
5.580423e-05 7.773771e-21 
5.626563e-05 7.774654e-21 
5.672983e-05 7.775542e-21 
5.720485e-05 7.776452e-21 
5.768910e-05 7.777379e-21 
5.817619e-05 7.778312e-21 
5.866301e-05 7.779245e-21 
5.915173e-05 7.780182e-21 
5.964570e-05 7.781129e-21 
6.014583e-05 7.782089e-21 
6.065069e-05 7.783058e-21 
6.116308e-05 7.784041e-21 
6.168877e-05 7.785051e-21 
6.223640e-05 7.786103e-21 
6.281970e-05 7.787224e-21 
6.346611e-05 7.788466e-21 
6.426144e-05 7.789996e-21 
6.526144e-05 7.791920e-21 
6.626144e-05 7.793845e-21 
6.726144e-05 7.795771e-21 
6.826144e-05 7.797698e-21 
6.926144e-05 7.799626e-21 
7.026144e-05 7.801554e-21 
7.126144e-05 7.803484e-21 
7.226144e-05 7.805414e-21 
7.326144e-05 7.807346e-21 
7.426144e-05 7.809278e-21 
7.526144e-05 7.811210e-21 
7.626144e-05 7.813144e-21 
7.726144e-05 7.815078e-21 
7.826144e-05 7.817012e-21 
7.926144e-05 7.818948e-21 
8.026144e-05 7.820883e-21 
8.126144e-05 7.822820e-21 
8.226144e-05 7.824757e-21 
8.326144e-05 7.826695e-21 
8.426144e-05 7.828633e-21 
8.526144e-05 7.830571e-21 
8.626144e-05 7.832510e-21 
8.726144e-05 7.834450e-21 
8.826144e-05 7.836390e-21 
8.926144e-05 7.838330e-21 
9.026144e-05 7.840271e-21 
9.126144e-05 7.842213e-21 
9.226144e-05 7.844154e-21 
9.326144e-05 7.846096e-21 
9.426144e-05 7.848039e-21 
9.526144e-05 7.849981e-21 
9.626144e-05 7.851925e-21 
9.726144e-05 7.853868e-21 
9.826144e-05 7.855812e-21 
9.926144e-05 7.857756e-21 
9.927346e-05 7.857779e-21 
9.929748e-05 7.857826e-21 
9.934554e-05 7.857919e-21 
9.944165e-05 7.858106e-21 
9.963386e-05 7.858480e-21 
9.963692e-05 7.858486e-21 
9.964302e-05 7.858498e-21 
9.965524e-05 7.858522e-21 
9.967968e-05 7.858569e-21 
9.972855e-05 7.858664e-21 
9.982630e-05 7.858854e-21 
9.982785e-05 7.858857e-21 
9.983096e-05 7.858863e-21 
9.983717e-05 7.858875e-21 
9.984960e-05 7.858899e-21 
9.987445e-05 7.858948e-21 
9.992416e-05 7.859044e-21 
9.992495e-05 7.859046e-21 
9.992653e-05 7.859049e-21 
9.992969e-05 7.859055e-21 
9.993601e-05 7.859067e-21 
9.994865e-05 7.859092e-21 
9.997392e-05 7.859141e-21 
9.997432e-05 7.859142e-21 
9.997513e-05 7.859144e-21 
9.997673e-05 7.859147e-21 
9.997995e-05 7.859153e-21 
9.998637e-05 7.859165e-21 
9.999922e-05 7.859190e-21 
9.999943e-05 7.859191e-21 
9.999984e-05 7.859192e-21 
9.999984e-05 7.859192e-21 
9.999986e-05 7.859192e-21 
9.999988e-05 7.859192e-21 
9.999993e-05 7.859192e-21 
9.999994e-05 7.859192e-21 
9.999994e-05 7.859192e-21 
9.999994e-05 7.859192e-21 
9.999995e-05 7.859192e-21 
9.999996e-05 7.859192e-21 
9.999999e-05 7.859192e-21 
9.999999e-05 7.859192e-21 
9.999999e-05 7.859192e-21 
9.999999e-05 7.859192e-21 
9.999999e-05 7.859192e-21 
1.000000e-04 7.859192e-21 
1.000000e-04 7.859192e-21 
1.000000e-04 7.859192e-21 
1.000000e-04 7.859192e-21 
1.000000e-04 7.859192e-21 
1.000000e-04 7.859192e-21 
1.000000e-04 7.859192e-21 
1.000000e-04 7.859192e-21 
1.000000e-04 7.859192e-21 
1.000000e-04 7.859192e-21 
1.000000e-04 7.859192e-21 
1.000000e-04 7.859192e-21 
1.000000e-04 7.859192e-21 
1.000000e-04 7.859192e-21 
1.000000e-04 7.859192e-21 
1.000000e-04 7.859192e-21 
1.000000e-04 7.859192e-21 
1.000000e-04 7.859192e-21 
1.000000e-04 7.859192e-21 
1.000000e-04 3.274220e-19 
1.000000e-04 1.119693e-18 
1.000000e-04 1.416473e-18 
1.000000e-04 1.851155e-18 
1.000000e-04 2.720521e-18 
1.000000e-04 4.459252e-18 
1.000000e-04 7.936715e-18 
1.000000e-04 1.489164e-17 
1.000000e-04 2.880149e-17 
1.000000e-04 5.662119e-17 
1.000000e-04 1.122606e-16 
1.000000e-04 2.235394e-16 
1.000000e-04 4.460970e-16 
1.000000e-04 8.912121e-16 
1.000000e-04 1.781442e-15 
1.000000e-04 3.561901e-15 
1.000000e-04 7.122816e-15 
1.000000e-04 1.424463e-14 
1.000000e-04 2.848820e-14 
1.000000e-04 5.697509e-14 
1.000000e-04 1.139479e-13 
1.000000e-04 2.278897e-13 
1.000000e-04 4.557578e-13 
1.000000e-04 9.114321e-13 
1.000001e-04 1.822534e-12 
1.000001e-04 3.643748e-12 
1.000003e-04 7.282227e-12 
1.000006e-04 1.454342e-11 
1.000012e-04 2.900298e-11 
1.000023e-04 5.767281e-11 
1.000047e-04 1.140312e-10 
1.000094e-04 2.229496e-10 
1.000188e-04 4.265811e-10 
1.000306e-04 6.589206e-10 
1.000430e-04 8.759158e-10 
1.000557e-04 1.076315e-09 
1.000686e-04 1.259439e-09 
1.000822e-04 1.433116e-09 
1.000964e-04 1.597870e-09 
1.001116e-04 1.757940e-09 
1.001278e-04 1.913030e-09 
1.001454e-04 2.065759e-09 
1.001642e-04 2.215789e-09 
1.001848e-04 2.364935e-09 
1.002071e-04 2.512917e-09 
1.002315e-04 2.661060e-09 
1.002581e-04 2.809165e-09 
1.002873e-04 2.958250e-09 
1.003193e-04 3.108207e-09 
1.003544e-04 3.259865e-09 
1.003929e-04 3.413212e-09 
1.004352e-04 3.568972e-09 
1.004817e-04 3.727240e-09 
1.005329e-04 3.888701e-09 
1.005892e-04 4.053571e-09 
1.006512e-04 4.222556e-09 
1.007194e-04 4.396021e-09 
1.007945e-04 4.574755e-09 
1.008772e-04 4.759316e-09 
1.009683e-04 4.950648e-09 
1.010686e-04 5.149574e-09 
1.011791e-04 5.357297e-09 
1.013007e-04 5.575008e-09 
1.014347e-04 5.804325e-09 
1.015822e-04 6.046987e-09 
1.017447e-04 6.305261e-09 
1.019236e-04 6.581735e-09 
1.021207e-04 6.879723e-09 
1.023377e-04 7.203175e-09 
1.025767e-04 7.557147e-09 
1.028400e-04 7.947884e-09 
1.031299e-04 8.383461e-09 
1.034493e-04 8.874180e-09 
1.038011e-04 9.433618e-09 
1.041886e-04 1.007967e-08 
1.046156e-04 1.083656e-08 
1.050861e-04 1.173734e-08 
1.056046e-04 1.282830e-08 
1.061761e-04 1.417519e-08 
1.068062e-04 1.587393e-08 
1.075011e-04 1.806739e-08 
1.082676e-04 2.097460e-08 
1.091135e-04 2.494074e-08 
1.100473e-04 3.052822e-08 
1.110473e-04 3.839535e-08 
1.120473e-04 4.890829e-08 
1.129015e-04 6.069383e-08 
1.136329e-04 7.348249e-08 
1.142765e-04 8.734464e-08 
1.148529e-04 1.023155e-07 
1.153752e-04 1.183988e-07 
1.159045e-04 1.376121e-07 
1.163823e-04 1.579261e-07 
1.168290e-04 1.799016e-07 
1.172360e-04 2.028240e-07 
1.176150e-04 2.270130e-07 
1.179670e-04 2.522552e-07 
1.182974e-04 2.786935e-07 
1.186082e-04 3.062556e-07 
1.189023e-04 3.349981e-07 
1.191812e-04 3.648958e-07 
1.194467e-04 3.959721e-07 
1.197000e-04 4.282201e-07 
1.199424e-04 4.616510e-07 
1.201748e-04 4.962651e-07 
1.203980e-04 5.320696e-07 
1.206128e-04 5.690677e-07 
1.208199e-04 6.072652e-07 
1.210199e-04 6.466666e-07 
1.212132e-04 6.872777e-07 
1.214003e-04 7.291037e-07 
1.215817e-04 7.721505e-07 
1.217577e-04 8.164240e-07 
1.219287e-04 8.619305e-07 
1.220949e-04 9.086763e-07 
1.222567e-04 9.566681e-07 
1.224143e-04 1.005913e-06 
1.225679e-04 1.056417e-06 
1.227178e-04 1.108189e-06 
1.228642e-04 1.161236e-06 
1.230072e-04 1.215565e-06 
1.231470e-04 1.271184e-06 
1.232837e-04 1.328102e-06 
1.234176e-04 1.386327e-06 
1.235487e-04 1.445867e-06 
1.236807e-04 1.508381e-06 
1.238119e-04 1.573314e-06 
1.239440e-04 1.641498e-06 
1.240756e-04 1.712380e-06 
1.242077e-04 1.786701e-06 
1.243395e-04 1.864052e-06 
1.244718e-04 1.945088e-06 
1.246038e-04 2.029509e-06 
1.247363e-04 2.117897e-06 
1.248686e-04 2.210046e-06 
1.250012e-04 2.306485e-06 
1.251338e-04 2.407088e-06 
1.252667e-04 2.512343e-06 
1.253997e-04 2.622196e-06 
1.255329e-04 2.737108e-06 
1.256661e-04 2.857090e-06 
1.257997e-04 2.982582e-06 
1.259333e-04 3.113657e-06 
1.260672e-04 3.250746e-06 
1.262013e-04 3.393977e-06 
1.263356e-04 3.543781e-06 
1.264701e-04 3.700339e-06 
1.266049e-04 3.864088e-06 
1.267399e-04 4.035262e-06 
1.268751e-04 4.214312e-06 
1.270107e-04 4.401523e-06 
1.271465e-04 4.597366e-06 
1.272826e-04 4.802180e-06 
1.274190e-04 5.016463e-06 
1.275557e-04 5.240608e-06 
1.276928e-04 5.475145e-06 
1.278302e-04 5.720525e-06 
1.279679e-04 5.977319e-06 
1.279696e-04 5.980465e-06 
1.279729e-04 5.986761e-06 
1.279795e-04 5.999372e-06 
1.279927e-04 6.024673e-06 
1.279929e-04 6.025075e-06 
1.279933e-04 6.025880e-06 
1.279942e-04 6.027490e-06 
1.279958e-04 6.030711e-06 
1.279992e-04 6.037158e-06 
1.279992e-04 6.037261e-06 
1.279993e-04 6.037466e-06 
1.279996e-04 6.037875e-06 
1.280000e-04 6.038694e-06 
1.280008e-04 6.040333e-06 
1.280025e-04 6.043612e-06 
1.280026e-04 6.043664e-06 
1.280026e-04 6.043769e-06 
1.280027e-04 6.043977e-06 
1.280029e-04 6.044393e-06 
1.280034e-04 6.045227e-06 
1.280034e-04 6.045240e-06 
1.280034e-04 6.045266e-06 
1.280034e-04 6.045319e-06 
1.280035e-04 6.045425e-06 
1.280036e-04 6.045637e-06 
1.280038e-04 6.046060e-06 
1.280038e-04 6.046067e-06 
1.280038e-04 6.046080e-06 
1.280038e-04 6.046107e-06 
1.280039e-04 6.046161e-06 
1.280039e-04 6.046162e-06 
1.280039e-04 6.046163e-06 
1.280039e-04 6.046167e-06 
1.280039e-04 6.046174e-06 
1.280039e-04 6.046187e-06 
1.280039e-04 6.046187e-06 
1.280039e-04 6.046188e-06 
1.280039e-04 6.046189e-06 
1.280039e-04 6.046191e-06 
1.280039e-04 6.046194e-06 
1.280039e-04 6.046201e-06 
1.280039e-04 6.046201e-06 
1.280039e-04 6.046201e-06 
1.280039e-04 6.046202e-06 
1.280039e-04 6.046203e-06 
1.280039e-04 6.046204e-06 
1.280039e-04 6.046208e-06 
1.280039e-04 6.046208e-06 
1.280039e-04 6.046208e-06 
1.280039e-04 6.046208e-06 
1.280039e-04 6.046209e-06 
1.280039e-04 6.046210e-06 
1.280039e-04 6.046211e-06 
1.280039e-04 6.046211e-06 
1.280039e-04 6.046211e-06 
1.280039e-04 6.046212e-06 
1.280039e-04 6.046212e-06 
1.280039e-04 6.046212e-06 
1.280039e-04 6.046212e-06 
1.280039e-04 6.046212e-06 
1.280039e-04 6.046212e-06 
1.280039e-04 6.046212e-06 
1.280039e-04 6.046212e-06 
1.280039e-04 6.046212e-06 
1.280039e-04 6.046212e-06 
1.280039e-04 6.046212e-06 
1.280039e-04 6.046212e-06 
1.280039e-04 6.046212e-06 
1.280039e-04 6.046213e-06 
1.280039e-04 6.046213e-06 
1.280039e-04 6.046213e-06 
1.280039e-04 6.046213e-06 
1.280039e-04 6.046213e-06 
1.280039e-04 6.046213e-06 
1.280039e-04 6.046213e-06 
1.280039e-04 6.046213e-06 
1.280039e-04 6.046213e-06 
1.280039e-04 6.046213e-06 
1.280039e-04 6.046213e-06 
1.280039e-04 6.046213e-06 
1.280039e-04 6.046213e-06 
1.280039e-04 6.046213e-06 
1.280039e-04 6.046213e-06 
1.280039e-04 6.046213e-06 
