1.000000e-08 1.000000e-04 
1.000012e-08 1.000012e-04 
1.000036e-08 1.000036e-04 
1.000084e-08 1.000084e-04 
1.000180e-08 1.000180e-04 
1.000372e-08 1.000372e-04 
1.000756e-08 1.000756e-04 
1.001524e-08 1.001524e-04 
1.003060e-08 1.003060e-04 
1.006132e-08 1.006132e-04 
1.012276e-08 1.012276e-04 
1.024564e-08 1.024564e-04 
1.049140e-08 1.049140e-04 
1.098292e-08 1.098292e-04 
1.196596e-08 1.196596e-04 
1.212611e-08 1.212611e-04 
1.229607e-08 1.229607e-04 
1.247281e-08 1.247281e-04 
1.261477e-08 1.261477e-04 
1.273894e-08 1.273894e-04 
1.286848e-08 1.286848e-04 
1.300012e-08 1.300012e-04 
1.300318e-08 1.300318e-04 
1.300929e-08 1.300929e-04 
1.302152e-08 1.302152e-04 
1.304598e-08 1.304598e-04 
1.309489e-08 1.309489e-04 
1.319271e-08 1.319271e-04 
1.338836e-08 1.338836e-04 
1.377966e-08 1.377966e-04 
1.379652e-08 1.379652e-04 
1.383025e-08 1.383025e-04 
1.387061e-08 1.387061e-04 
1.390849e-08 1.390849e-04 
1.394463e-08 1.394463e-04 
1.401692e-08 1.401692e-04 
1.403560e-08 1.403560e-04 
1.406751e-08 1.406751e-04 
1.413135e-08 1.413135e-04 
1.425901e-08 1.425901e-04 
1.451434e-08 1.451434e-04 
1.502500e-08 1.502500e-04 
1.604633e-08 1.604633e-04 
1.808898e-08 1.808898e-04 
2.217427e-08 2.217427e-04 
3.034486e-08 3.034486e-04 
4.668604e-08 4.668604e-04 
7.936840e-08 7.936840e-04 
1.447331e-07 1.447331e-03 
2.754626e-07 2.754626e-03 
2.802555e-07 2.802555e-03 
2.853853e-07 2.853853e-03 
2.913556e-07 2.913556e-03 
2.961584e-07 2.961584e-03 
3.010458e-07 3.010458e-03 
3.071540e-07 3.071540e-03 
3.131207e-07 3.131207e-03 
3.189218e-07 3.189218e-03 
3.219576e-07 3.219576e-03 
3.247483e-07 3.247483e-03 
3.280757e-07 3.280757e-03 
3.323707e-07 3.323707e-03 
3.362823e-07 3.362823e-03 
3.409791e-07 3.409791e-03 
3.467521e-07 3.467521e-03 
3.506322e-07 3.506322e-03 
3.552905e-07 3.552905e-03 
3.596703e-07 3.596703e-03 
3.640066e-07 3.640066e-03 
3.674031e-07 3.674031e-03 
3.704384e-07 3.704384e-03 
3.736747e-07 3.736747e-03 
3.773025e-07 3.773025e-03 
3.811066e-07 3.811066e-03 
3.847626e-07 3.847626e-03 
3.882490e-07 3.882490e-03 
3.917441e-07 3.917441e-03 
3.953733e-07 3.953733e-03 
3.991183e-07 3.991183e-03 
4.028800e-07 4.028800e-03 
4.066069e-07 4.066069e-03 
4.103313e-07 4.103313e-03 
4.141051e-07 4.141051e-03 
4.179435e-07 4.179435e-03 
4.218234e-07 4.218234e-03 
4.257198e-07 4.257198e-03 
4.296318e-07 4.296318e-03 
4.335750e-07 4.335750e-03 
4.375603e-07 4.375603e-03 
4.415855e-07 4.415855e-03 
4.456422e-07 4.456422e-03 
4.497268e-07 4.497268e-03 
4.538424e-07 4.538424e-03 
4.579939e-07 4.579939e-03 
4.621826e-07 4.621826e-03 
4.664067e-07 4.664067e-03 
4.706643e-07 4.706643e-03 
4.749559e-07 4.749559e-03 
4.792830e-07 4.792830e-03 
4.836469e-07 4.836469e-03 
4.880477e-07 4.880477e-03 
4.924849e-07 4.924849e-03 
4.969584e-07 4.969584e-03 
5.014691e-07 5.014691e-03 
5.060174e-07 5.060174e-03 
5.106040e-07 5.106040e-03 
5.152288e-07 5.152288e-03 
5.198922e-07 5.198922e-03 
5.245944e-07 5.245944e-03 
5.293359e-07 5.293359e-03 
5.341172e-07 5.341172e-03 
5.389385e-07 5.389385e-03 
5.438002e-07 5.438002e-03 
5.487026e-07 5.487026e-03 
5.536461e-07 5.536461e-03 
5.586311e-07 5.586311e-03 
5.636580e-07 5.636580e-03 
5.687271e-07 5.687271e-03 
5.738389e-07 5.738389e-03 
5.789936e-07 5.789936e-03 
5.841917e-07 5.841917e-03 
5.894336e-07 5.894336e-03 
5.947197e-07 5.947197e-03 
6.000503e-07 6.000503e-03 
6.054259e-07 6.054259e-03 
6.108468e-07 6.108468e-03 
6.163135e-07 6.163135e-03 
6.218264e-07 6.218264e-03 
6.273858e-07 6.273858e-03 
6.329923e-07 6.329923e-03 
6.386462e-07 6.386462e-03 
6.443479e-07 6.443479e-03 
6.500979e-07 6.500979e-03 
6.558966e-07 6.558966e-03 
6.617445e-07 6.617445e-03 
6.676419e-07 6.676419e-03 
6.735893e-07 6.735893e-03 
6.795872e-07 6.795872e-03 
6.856360e-07 6.856360e-03 
6.917362e-07 6.917362e-03 
6.978882e-07 6.978882e-03 
7.040925e-07 7.040925e-03 
7.103495e-07 7.103495e-03 
7.166597e-07 7.166597e-03 
7.230236e-07 7.230236e-03 
7.294416e-07 7.294416e-03 
7.359143e-07 7.359143e-03 
7.424421e-07 7.424421e-03 
7.490255e-07 7.490255e-03 
7.556650e-07 7.556650e-03 
7.623612e-07 7.623612e-03 
7.691144e-07 7.691144e-03 
7.759252e-07 7.759252e-03 
7.827941e-07 7.827941e-03 
7.897217e-07 7.897217e-03 
7.967084e-07 7.967084e-03 
8.037547e-07 8.037547e-03 
8.108613e-07 8.108613e-03 
8.180286e-07 8.180286e-03 
8.252571e-07 8.252571e-03 
8.325475e-07 8.325475e-03 
8.399002e-07 8.399002e-03 
8.473158e-07 8.473158e-03 
8.547948e-07 8.547948e-03 
8.623378e-07 8.623378e-03 
8.699455e-07 8.699455e-03 
8.776182e-07 8.776182e-03 
8.853567e-07 8.853567e-03 
8.931615e-07 8.931615e-03 
9.010331e-07 9.010331e-03 
9.089722e-07 9.089722e-03 
9.169794e-07 9.169794e-03 
9.250552e-07 9.250552e-03 
9.332003e-07 9.332003e-03 
9.414152e-07 9.414152e-03 
9.497007e-07 9.497007e-03 
9.580572e-07 9.580572e-03 
9.664855e-07 9.664855e-03 
9.749861e-07 9.749861e-03 
9.835597e-07 9.835597e-03 
9.925544e-07 9.925544e-03 
1.000000e-06 1.000000e-02 
1.001799e-06 1.001799e-02 
1.005397e-06 1.005397e-02 
1.012255e-06 1.012255e-02 
1.025970e-06 1.025970e-02 
1.053401e-06 1.053401e-02 
1.108263e-06 1.108263e-02 
1.217987e-06 1.217987e-02 
1.437434e-06 1.437434e-02 
1.876330e-06 1.876330e-02 
1.895410e-06 1.895410e-02 
1.918504e-06 1.918504e-02 
1.949766e-06 1.949766e-02 
1.995455e-06 1.995455e-02 
2.000000e-06 2.000000e-02 
2.001437e-06 2.001437e-02 
2.004310e-06 2.004310e-02 
2.010056e-06 2.010056e-02 
2.021548e-06 2.021548e-02 
2.044532e-06 2.044532e-02 
2.090501e-06 2.090501e-02 
2.182438e-06 2.182438e-02 
2.366312e-06 2.366312e-02 
2.734061e-06 2.734061e-02 
3.469558e-06 3.469558e-02 
3.524737e-06 3.524737e-02 
3.577858e-06 3.577858e-02 
3.633681e-06 3.633681e-02 
3.669102e-06 3.669102e-02 
3.702790e-06 3.702790e-02 
3.740233e-06 3.740233e-02 
3.776200e-06 3.776200e-02 
3.809082e-06 3.809082e-02 
3.841286e-06 3.841286e-02 
3.875011e-06 3.875011e-02 
3.910527e-06 3.910527e-02 
3.946513e-06 3.946513e-02 
3.981892e-06 3.981892e-02 
4.016889e-06 4.016889e-02 
4.052298e-06 4.052298e-02 
4.088510e-06 4.088510e-02 
4.125290e-06 4.125290e-02 
4.162221e-06 4.162221e-02 
4.199192e-06 4.199192e-02 
4.236398e-06 4.236398e-02 
4.274039e-06 4.274039e-02 
4.312127e-06 4.312127e-02 
4.350543e-06 4.350543e-02 
4.389205e-06 4.389205e-02 
4.428137e-06 4.428137e-02 
4.467412e-06 4.467412e-02 
4.507062e-06 4.507062e-02 
4.547069e-06 4.547069e-02 
4.587399e-06 4.587399e-02 
4.628047e-06 4.628047e-02 
4.669033e-06 4.669033e-02 
4.710376e-06 4.710376e-02 
4.752081e-06 4.752081e-02 
4.794139e-06 4.794139e-02 
4.836546e-06 4.836546e-02 
4.879308e-06 4.879308e-02 
4.922433e-06 4.922433e-02 
4.965928e-06 4.965928e-02 
5.009793e-06 5.009793e-02 
5.054029e-06 5.054029e-02 
5.098639e-06 5.098639e-02 
5.143626e-06 5.143626e-02 
5.188996e-06 5.188996e-02 
5.234752e-06 5.234752e-02 
5.280897e-06 5.280897e-02 
5.327433e-06 5.327433e-02 
5.374364e-06 5.374364e-02 
5.421694e-06 5.421694e-02 
5.469426e-06 5.469426e-02 
5.517565e-06 5.517565e-02 
5.566112e-06 5.566112e-02 
5.615073e-06 5.615072e-02 
5.664449e-06 5.664449e-02 
5.714246e-06 5.714246e-02 
5.764466e-06 5.764466e-02 
5.815114e-06 5.815114e-02 
5.866193e-06 5.866193e-02 
5.917707e-06 5.917707e-02 
5.969659e-06 5.969659e-02 
6.022054e-06 6.022054e-02 
6.074895e-06 6.074895e-02 
6.128186e-06 6.128186e-02 
6.181932e-06 6.181932e-02 
6.236135e-06 6.236135e-02 
6.290800e-06 6.290800e-02 
6.345931e-06 6.345931e-02 
6.401532e-06 6.401532e-02 
6.457607e-06 6.457607e-02 
6.514160e-06 6.514160e-02 
6.571196e-06 6.571196e-02 
6.628717e-06 6.628717e-02 
6.686730e-06 6.686730e-02 
6.745237e-06 6.745237e-02 
6.804244e-06 6.804244e-02 
6.863753e-06 6.863753e-02 
6.923771e-06 6.923771e-02 
6.984301e-06 6.984301e-02 
7.045347e-06 7.045347e-02 
7.106915e-06 7.106915e-02 
7.169008e-06 7.169008e-02 
7.231631e-06 7.231631e-02 
7.294788e-06 7.294788e-02 
7.358485e-06 7.358485e-02 
7.422726e-06 7.422726e-02 
7.487515e-06 7.487515e-02 
7.552858e-06 7.552858e-02 
7.618758e-06 7.618758e-02 
7.685221e-06 7.685221e-02 
7.752252e-06 7.752252e-02 
7.819856e-06 7.819856e-02 
7.888037e-06 7.888037e-02 
7.956800e-06 7.956800e-02 
8.026151e-06 8.026151e-02 
8.096094e-06 8.096094e-02 
8.166634e-06 8.166634e-02 
8.237777e-06 8.237777e-02 
8.309528e-06 8.309528e-02 
8.381892e-06 8.381892e-02 
8.454874e-06 8.454874e-02 
8.528480e-06 8.528480e-02 
8.602715e-06 8.602715e-02 
8.677584e-06 8.677584e-02 
8.753092e-06 8.753092e-02 
8.829246e-06 8.829246e-02 
8.906050e-06 8.906050e-02 
8.983511e-06 8.983511e-02 
9.061633e-06 9.061633e-02 
9.140423e-06 9.140423e-02 
9.219886e-06 9.219886e-02 
9.300028e-06 9.300028e-02 
9.380855e-06 9.380855e-02 
9.462372e-06 9.462372e-02 
9.544586e-06 9.544586e-02 
9.627502e-06 9.627502e-02 
9.711127e-06 9.711127e-02 
9.795465e-06 9.795465e-02 
9.880525e-06 9.880525e-02 
9.966311e-06 9.966311e-02 
1.005283e-05 1.005283e-01 
1.014009e-05 1.014009e-01 
1.022809e-05 1.022809e-01 
1.031685e-05 1.031685e-01 
1.040636e-05 1.040636e-01 
1.049664e-05 1.049664e-01 
1.058769e-05 1.058769e-01 
1.067951e-05 1.067951e-01 
1.077212e-05 1.077212e-01 
1.086552e-05 1.086552e-01 
1.095972e-05 1.095972e-01 
1.105472e-05 1.105472e-01 
1.115054e-05 1.115054e-01 
1.124717e-05 1.124717e-01 
1.134463e-05 1.134463e-01 
1.144292e-05 1.144292e-01 
1.154204e-05 1.154204e-01 
1.164202e-05 1.164202e-01 
1.174285e-05 1.174285e-01 
1.184453e-05 1.184453e-01 
1.194709e-05 1.194709e-01 
1.205052e-05 1.205052e-01 
1.215483e-05 1.215483e-01 
1.226003e-05 1.226003e-01 
1.236613e-05 1.236613e-01 
1.247314e-05 1.247314e-01 
1.258106e-05 1.258106e-01 
1.268989e-05 1.268989e-01 
1.279966e-05 1.279966e-01 
1.291036e-05 1.291036e-01 
1.302201e-05 1.302201e-01 
1.313461e-05 1.313461e-01 
1.324816e-05 1.324816e-01 
1.336269e-05 1.336269e-01 
1.347819e-05 1.347819e-01 
1.359468e-05 1.359468e-01 
1.371215e-05 1.371215e-01 
1.383063e-05 1.383063e-01 
1.395012e-05 1.395012e-01 
1.407063e-05 1.407063e-01 
1.419216e-05 1.419216e-01 
1.431473e-05 1.431473e-01 
1.443834e-05 1.443834e-01 
1.456300e-05 1.456300e-01 
1.468873e-05 1.468873e-01 
1.481552e-05 1.481552e-01 
1.494340e-05 1.494340e-01 
1.507236e-05 1.507236e-01 
1.520242e-05 1.520242e-01 
1.533358e-05 1.533358e-01 
1.546586e-05 1.546586e-01 
1.559927e-05 1.559927e-01 
1.573381e-05 1.573381e-01 
1.586949e-05 1.586949e-01 
1.600633e-05 1.600633e-01 
1.614433e-05 1.614433e-01 
1.628351e-05 1.628351e-01 
1.642386e-05 1.642386e-01 
1.656541e-05 1.656541e-01 
1.670816e-05 1.670816e-01 
1.685213e-05 1.685213e-01 
1.699732e-05 1.699732e-01 
1.714373e-05 1.714373e-01 
1.729140e-05 1.729140e-01 
1.744031e-05 1.744031e-01 
1.759049e-05 1.759049e-01 
1.774195e-05 1.774194e-01 
1.789468e-05 1.789468e-01 
1.804872e-05 1.804872e-01 
1.820406e-05 1.820406e-01 
1.836072e-05 1.836072e-01 
1.851870e-05 1.851870e-01 
1.867803e-05 1.867803e-01 
1.883870e-05 1.883870e-01 
1.900074e-05 1.900074e-01 
1.916415e-05 1.916415e-01 
1.932894e-05 1.932894e-01 
1.949513e-05 1.949513e-01 
1.966272e-05 1.966272e-01 
1.983174e-05 1.983174e-01 
2.000218e-05 2.000218e-01 
2.017407e-05 2.017407e-01 
2.034741e-05 2.034741e-01 
2.052222e-05 2.052222e-01 
2.069850e-05 2.069850e-01 
2.087628e-05 2.087628e-01 
2.105556e-05 2.105556e-01 
2.123635e-05 2.123635e-01 
2.141867e-05 2.141867e-01 
2.160253e-05 2.160253e-01 
2.178795e-05 2.178795e-01 
2.197493e-05 2.197493e-01 
2.216348e-05 2.216348e-01 
2.235363e-05 2.235363e-01 
2.254539e-05 2.254539e-01 
2.273876e-05 2.273876e-01 
2.293376e-05 2.293376e-01 
2.313041e-05 2.313041e-01 
2.332871e-05 2.332871e-01 
2.352869e-05 2.352869e-01 
2.373035e-05 2.373035e-01 
2.393371e-05 2.393371e-01 
2.413878e-05 2.413878e-01 
2.434558e-05 2.434558e-01 
2.455412e-05 2.455412e-01 
2.476441e-05 2.476441e-01 
2.497648e-05 2.497648e-01 
2.519032e-05 2.519032e-01 
2.540597e-05 2.540597e-01 
2.544254e-05 2.544253e-01 
2.551567e-05 2.551567e-01 
2.552272e-05 2.552272e-01 
2.553682e-05 2.553682e-01 
2.555470e-05 2.555470e-01 
2.557085e-05 2.557085e-01 
2.560313e-05 2.560313e-01 
2.560523e-05 2.560523e-01 
2.560944e-05 2.560944e-01 
2.561784e-05 2.561784e-01 
2.563016e-05 2.563016e-01 
2.563069e-05 2.563069e-01 
2.563176e-05 2.563176e-01 
2.563178e-05 2.563178e-01 
2.563182e-05 2.563182e-01 
2.563191e-05 2.563191e-01 
2.563191e-05 2.563191e-01 
2.563191e-05 2.563191e-01 
2.563192e-05 2.563192e-01 
2.563193e-05 2.563193e-01 
2.563195e-05 2.563195e-01 
2.563199e-05 2.563199e-01 
2.563199e-05 2.563199e-01 
2.563199e-05 2.563199e-01 
2.563200e-05 2.563200e-01 
2.563200e-05 2.563200e-01 
2.563201e-05 2.563201e-01 
2.563204e-05 2.563204e-01 
2.563204e-05 2.563204e-01 
2.563204e-05 2.563204e-01 
2.563204e-05 2.563204e-01 
2.563204e-05 2.563204e-01 
2.563205e-05 2.563205e-01 
2.563205e-05 2.563205e-01 
2.563205e-05 2.563205e-01 
2.563205e-05 2.563205e-01 
2.563205e-05 2.563205e-01 
2.563205e-05 2.563205e-01 
2.563205e-05 2.563205e-01 
2.563205e-05 2.563205e-01 
2.563205e-05 2.563205e-01 
2.563205e-05 2.563205e-01 
2.563205e-05 2.563205e-01 
2.563205e-05 2.563205e-01 
2.563205e-05 2.563205e-01 
2.563205e-05 2.563205e-01 
2.563205e-05 2.563205e-01 
2.563205e-05 2.563205e-01 
2.563205e-05 2.563205e-01 
2.563205e-05 2.563205e-01 
2.563205e-05 2.563205e-01 
2.563205e-05 2.563205e-01 
2.563205e-05 2.563205e-01 
2.563205e-05 2.563205e-01 
2.563205e-05 2.563205e-01 
2.563205e-05 2.563205e-01 
2.563205e-05 2.563205e-01 
2.563205e-05 2.563205e-01 
2.563205e-05 2.563205e-01 
2.563205e-05 2.563205e-01 
2.563205e-05 2.563205e-01 
2.563205e-05 2.563205e-01 
2.563205e-05 2.563205e-01 
2.563205e-05 2.563205e-01 
2.563205e-05 2.563205e-01 
2.563205e-05 2.563205e-01 
2.563205e-05 2.563205e-01 
2.563205e-05 2.563205e-01 
2.563205e-05 2.563205e-01 
2.563205e-05 2.563205e-01 
2.563205e-05 2.563205e-01 
2.563205e-05 2.563205e-01 
2.563205e-05 2.563205e-01 
2.563205e-05 2.563205e-01 
2.563205e-05 2.563205e-01 
2.563205e-05 2.563205e-01 
2.563205e-05 2.563205e-01 
2.563205e-05 2.563205e-01 
2.563205e-05 2.563205e-01 
2.563205e-05 2.563205e-01 
2.563205e-05 2.563205e-01 
2.563205e-05 2.563205e-01 
2.563205e-05 2.563205e-01 
2.563205e-05 2.563205e-01 
2.563205e-05 2.563205e-01 
2.563205e-05 2.563205e-01 
2.563205e-05 2.563205e-01 
2.563205e-05 2.563205e-01 
2.563205e-05 2.563205e-01 
2.563205e-05 2.563205e-01 
2.563205e-05 2.563205e-01 
2.563205e-05 2.563205e-01 
2.563205e-05 2.563205e-01 
2.563205e-05 2.563205e-01 
2.563205e-05 2.563205e-01 
2.563205e-05 2.563205e-01 
2.563205e-05 2.563205e-01 
2.563205e-05 2.563205e-01 
2.563205e-05 2.563205e-01 
2.563205e-05 2.563205e-01 
2.563205e-05 2.563205e-01 
2.563205e-05 2.563205e-01 
2.563205e-05 2.563205e-01 
2.563205e-05 2.563205e-01 
2.563205e-05 2.563205e-01 
2.563205e-05 2.563205e-01 
2.563205e-05 2.563205e-01 
2.563205e-05 2.563205e-01 
2.563205e-05 2.563205e-01 
2.563205e-05 2.563205e-01 
2.563205e-05 2.563205e-01 
2.563205e-05 2.563205e-01 
2.563205e-05 2.563205e-01 
2.563205e-05 2.563205e-01 
2.563205e-05 2.563205e-01 
2.563205e-05 2.563205e-01 
2.563205e-05 2.563205e-01 
2.563205e-05 2.563205e-01 
2.563205e-05 2.563205e-01 
2.563205e-05 2.563205e-01 
2.563205e-05 2.563205e-01 
2.563205e-05 2.563205e-01 
2.563205e-05 2.563205e-01 
2.563205e-05 2.563205e-01 
2.563205e-05 2.563205e-01 
2.563205e-05 2.563205e-01 
2.563205e-05 2.563205e-01 
2.563205e-05 2.563205e-01 
2.563205e-05 2.563205e-01 
2.563205e-05 2.563205e-01 
2.563205e-05 2.563205e-01 
2.563205e-05 2.563205e-01 
2.563205e-05 2.563205e-01 
2.563205e-05 2.563205e-01 
2.563205e-05 2.563205e-01 
2.563205e-05 2.563205e-01 
2.563205e-05 2.563205e-01 
2.563205e-05 2.563205e-01 
2.563205e-05 2.563205e-01 
2.563205e-05 2.563205e-01 
2.563205e-05 2.563205e-01 
2.563205e-05 2.563205e-01 
2.563205e-05 2.563205e-01 
2.563205e-05 2.563205e-01 
2.563205e-05 2.563205e-01 
2.563205e-05 2.563205e-01 
2.563205e-05 2.563205e-01 
2.563205e-05 2.563205e-01 
2.563205e-05 2.563205e-01 
2.563205e-05 2.563205e-01 
2.563205e-05 2.563205e-01 
2.563205e-05 2.563205e-01 
2.563205e-05 2.563205e-01 
2.563205e-05 2.563205e-01 
2.563205e-05 2.563205e-01 
2.563205e-05 2.563205e-01 
2.563205e-05 2.563205e-01 
2.563205e-05 2.563205e-01 
2.563205e-05 2.563205e-01 
2.563205e-05 2.563205e-01 
2.563205e-05 2.563205e-01 
2.563205e-05 2.563205e-01 
2.563205e-05 2.563205e-01 
2.563205e-05 2.563205e-01 
2.563205e-05 2.563205e-01 
2.563205e-05 2.563205e-01 
2.563205e-05 2.563205e-01 
2.563205e-05 2.563205e-01 
2.563205e-05 2.563205e-01 
2.563205e-05 2.563205e-01 
2.563205e-05 2.563205e-01 
2.563205e-05 2.563205e-01 
2.563205e-05 2.563205e-01 
2.563205e-05 2.563205e-01 
2.563205e-05 2.563205e-01 
2.563205e-05 2.563205e-01 
2.563205e-05 2.563205e-01 
2.563205e-05 2.563205e-01 
2.563205e-05 2.563205e-01 
2.563205e-05 2.563205e-01 
2.563205e-05 2.563205e-01 
2.563205e-05 2.563205e-01 
2.563205e-05 2.563205e-01 
2.563205e-05 2.563205e-01 
2.563205e-05 2.563205e-01 
2.563205e-05 2.563205e-01 
2.563205e-05 2.563205e-01 
2.563205e-05 2.563205e-01 
2.563205e-05 2.563205e-01 
2.563205e-05 2.563205e-01 
2.563205e-05 2.563205e-01 
2.563205e-05 2.563205e-01 
2.563205e-05 2.563205e-01 
2.563205e-05 2.563205e-01 
2.563205e-05 2.563205e-01 
2.563205e-05 2.563205e-01 
2.563205e-05 2.563205e-01 
2.563205e-05 2.563205e-01 
2.563205e-05 2.563205e-01 
2.563205e-05 2.563205e-01 
2.563205e-05 2.563205e-01 
2.563205e-05 2.563205e-01 
2.563205e-05 2.563205e-01 
2.563205e-05 2.563205e-01 
2.563205e-05 2.563205e-01 
2.563205e-05 2.563205e-01 
2.563205e-05 2.563205e-01 
2.563205e-05 2.563205e-01 
2.563205e-05 2.563205e-01 
2.563205e-05 2.563205e-01 
2.563205e-05 2.563205e-01 
2.563205e-05 2.563205e-01 
2.563205e-05 2.563205e-01 
2.563205e-05 2.563205e-01 
2.563205e-05 2.563205e-01 
2.563205e-05 2.563205e-01 
2.563205e-05 2.563205e-01 
2.563205e-05 2.563205e-01 
2.563205e-05 2.563205e-01 
2.563205e-05 2.563205e-01 
2.563205e-05 2.563205e-01 
2.563205e-05 2.563205e-01 
2.563205e-05 2.563205e-01 
2.563205e-05 2.563205e-01 
2.563205e-05 2.563205e-01 
2.563205e-05 2.563205e-01 
2.563205e-05 2.563205e-01 
2.563205e-05 2.563205e-01 
2.563205e-05 2.563205e-01 
2.563205e-05 2.563205e-01 
2.563205e-05 2.563205e-01 
2.563205e-05 2.563205e-01 
2.563205e-05 2.563205e-01 
2.563205e-05 2.563205e-01 
2.563205e-05 2.563205e-01 
2.563205e-05 2.563205e-01 
2.563205e-05 2.563205e-01 
2.563205e-05 2.563205e-01 
2.563205e-05 2.563205e-01 
2.563205e-05 2.563205e-01 
2.563205e-05 2.563205e-01 
2.563205e-05 2.563205e-01 
2.563205e-05 2.563205e-01 
2.563205e-05 2.563205e-01 
2.563205e-05 2.563205e-01 
2.563205e-05 2.563205e-01 
2.563205e-05 2.563205e-01 
2.563205e-05 2.563205e-01 
2.563205e-05 2.563205e-01 
2.563205e-05 2.563205e-01 
2.563205e-05 2.563205e-01 
2.563205e-05 2.563205e-01 
2.563205e-05 2.563205e-01 
2.563205e-05 2.563205e-01 
2.563205e-05 2.563205e-01 
2.563205e-05 2.563205e-01 
2.563205e-05 2.563205e-01 
2.563205e-05 2.563205e-01 
2.563205e-05 2.563205e-01 
2.563205e-05 2.563205e-01 
2.563205e-05 2.563205e-01 
2.563205e-05 2.563205e-01 
2.563205e-05 2.563205e-01 
2.563205e-05 2.563205e-01 
2.563205e-05 2.563205e-01 
2.563205e-05 2.563205e-01 
2.563205e-05 2.563205e-01 
2.563205e-05 2.563205e-01 
2.563205e-05 2.563205e-01 
2.563205e-05 2.563205e-01 
2.563205e-05 2.563205e-01 
2.563205e-05 2.563205e-01 
2.563205e-05 2.563205e-01 
2.563205e-05 2.563205e-01 
2.563205e-05 2.563205e-01 
2.563205e-05 2.563205e-01 
2.563205e-05 2.563205e-01 
2.563205e-05 2.563205e-01 
2.563205e-05 2.563205e-01 
2.563205e-05 2.563205e-01 
2.563205e-05 2.563205e-01 
2.563205e-05 2.563205e-01 
2.563205e-05 2.563205e-01 
2.563206e-05 2.563206e-01 
2.563206e-05 2.563206e-01 
2.563207e-05 2.563207e-01 
2.563209e-05 2.563209e-01 
2.563212e-05 2.563212e-01 
2.563220e-05 2.563220e-01 
2.563234e-05 2.563234e-01 
2.563264e-05 2.563264e-01 
2.563322e-05 2.563322e-01 
2.563439e-05 2.563439e-01 
2.563672e-05 2.563672e-01 
2.564139e-05 2.564139e-01 
2.565073e-05 2.565073e-01 
2.566941e-05 2.566941e-01 
2.570677e-05 2.570677e-01 
2.578149e-05 2.578149e-01 
2.593093e-05 2.593093e-01 
2.622982e-05 2.622982e-01 
2.682758e-05 2.682758e-01 
2.706214e-05 2.706214e-01 
2.729333e-05 2.729333e-01 
2.759844e-05 2.759844e-01 
2.799183e-05 2.799183e-01 
2.828861e-05 2.828861e-01 
2.863080e-05 2.863080e-01 
2.900027e-05 2.900027e-01 
2.926198e-05 2.926198e-01 
2.951399e-05 2.951399e-01 
2.976817e-05 2.976817e-01 
3.002233e-05 3.002233e-01 
3.027718e-05 3.027718e-01 
3.053457e-05 3.053457e-01 
3.079531e-05 3.079531e-01 
3.105874e-05 3.105874e-01 
3.132394e-05 3.132394e-01 
3.159075e-05 3.159075e-01 
3.185965e-05 3.185964e-01 
3.213109e-05 3.213109e-01 
3.240509e-05 3.240509e-01 
3.268136e-05 3.268136e-01 
3.295974e-05 3.295974e-01 
3.324032e-05 3.324032e-01 
3.352328e-05 3.352328e-01 
3.380870e-05 3.380870e-01 
3.409654e-05 3.409654e-01 
3.438673e-05 3.438673e-01 
3.467928e-05 3.467928e-01 
3.497425e-05 3.497425e-01 
3.527170e-05 3.527170e-01 
3.557164e-05 3.557164e-01 
3.587407e-05 3.587407e-01 
3.617899e-05 3.617899e-01 
3.648643e-05 3.648643e-01 
3.679643e-05 3.679643e-01 
3.710901e-05 3.710900e-01 
3.742417e-05 3.742417e-01 
3.774195e-05 3.774195e-01 
3.806235e-05 3.806235e-01 
3.838540e-05 3.838540e-01 
3.871112e-05 3.871112e-01 
3.903954e-05 3.903954e-01 
3.937068e-05 3.937068e-01 
3.970455e-05 3.970455e-01 
4.004117e-05 4.004117e-01 
4.038058e-05 4.038058e-01 
4.072279e-05 4.072279e-01 
4.106782e-05 4.106782e-01 
4.141569e-05 4.141569e-01 
4.176643e-05 4.176643e-01 
4.212006e-05 4.212006e-01 
4.247660e-05 4.247660e-01 
4.283608e-05 4.283608e-01 
4.319852e-05 4.319852e-01 
4.356393e-05 4.356393e-01 
4.393235e-05 4.393235e-01 
4.430379e-05 4.430379e-01 
4.467829e-05 4.467829e-01 
4.505586e-05 4.505586e-01 
4.543653e-05 4.543653e-01 
4.582032e-05 4.582032e-01 
4.620725e-05 4.620725e-01 
4.659736e-05 4.659736e-01 
4.699066e-05 4.699066e-01 
4.738718e-05 4.738718e-01 
4.778694e-05 4.778694e-01 
4.818997e-05 4.818997e-01 
4.859630e-05 4.859630e-01 
4.900595e-05 4.900595e-01 
4.941894e-05 4.941894e-01 
5.000000e-05 5.000000e-01 
5.008260e-05 5.008260e-01 
5.024779e-05 5.024779e-01 
5.057819e-05 5.057819e-01 
5.123897e-05 5.123897e-01 
5.167368e-05 5.167368e-01 
5.210155e-05 5.210155e-01 
5.259813e-05 5.259813e-01 
5.308976e-05 5.308976e-01 
5.353184e-05 5.353183e-01 
5.395322e-05 5.395322e-01 
5.439098e-05 5.439098e-01 
5.485661e-05 5.485661e-01 
5.533423e-05 5.533423e-01 
5.580423e-05 5.580423e-01 
5.626563e-05 5.626563e-01 
5.672983e-05 5.672983e-01 
5.720485e-05 5.720485e-01 
5.768910e-05 5.768910e-01 
5.817619e-05 5.817619e-01 
5.866301e-05 5.866301e-01 
5.915173e-05 5.915173e-01 
5.964570e-05 5.964570e-01 
6.014583e-05 6.014583e-01 
6.065069e-05 6.065069e-01 
6.116308e-05 6.116308e-01 
6.168877e-05 6.168877e-01 
6.223640e-05 6.223640e-01 
6.281970e-05 6.281970e-01 
6.346611e-05 6.346611e-01 
6.426144e-05 6.426144e-01 
6.526144e-05 6.526144e-01 
6.626144e-05 6.626144e-01 
6.726144e-05 6.726144e-01 
6.826144e-05 6.826144e-01 
6.926144e-05 6.926144e-01 
7.026144e-05 7.026144e-01 
7.126144e-05 7.126144e-01 
7.226144e-05 7.226144e-01 
7.326144e-05 7.326144e-01 
7.426144e-05 7.426144e-01 
7.526144e-05 7.526144e-01 
7.626144e-05 7.626144e-01 
7.726144e-05 7.726144e-01 
7.826144e-05 7.826144e-01 
7.926144e-05 7.926144e-01 
8.026144e-05 8.026144e-01 
8.126144e-05 8.126144e-01 
8.226144e-05 8.226144e-01 
8.326144e-05 8.326144e-01 
8.426144e-05 8.426144e-01 
8.526144e-05 8.526144e-01 
8.626144e-05 8.626144e-01 
8.726144e-05 8.726144e-01 
8.826144e-05 8.826144e-01 
8.926144e-05 8.926144e-01 
9.026144e-05 9.026144e-01 
9.126144e-05 9.126144e-01 
9.226144e-05 9.226144e-01 
9.326144e-05 9.326144e-01 
9.426144e-05 9.426144e-01 
9.526144e-05 9.526144e-01 
9.626144e-05 9.626144e-01 
9.726144e-05 9.726144e-01 
9.826144e-05 9.826144e-01 
9.926144e-05 9.926144e-01 
9.927346e-05 9.927345e-01 
9.929748e-05 9.929748e-01 
9.934554e-05 9.934554e-01 
9.944165e-05 9.944164e-01 
9.963386e-05 9.963386e-01 
9.963692e-05 9.963691e-01 
9.964302e-05 9.964302e-01 
9.965524e-05 9.965524e-01 
9.967968e-05 9.967968e-01 
9.972855e-05 9.972855e-01 
9.982630e-05 9.982630e-01 
9.982785e-05 9.982785e-01 
9.983096e-05 9.983096e-01 
9.983717e-05 9.983717e-01 
9.984960e-05 9.984960e-01 
9.987445e-05 9.987445e-01 
9.992416e-05 9.992416e-01 
9.992495e-05 9.992495e-01 
9.992653e-05 9.992653e-01 
9.992969e-05 9.992969e-01 
9.993601e-05 9.993601e-01 
9.994865e-05 9.994864e-01 
9.997392e-05 9.997392e-01 
9.997432e-05 9.997432e-01 
9.997513e-05 9.997512e-01 
9.997673e-05 9.997673e-01 
9.997995e-05 9.997994e-01 
9.998637e-05 9.998637e-01 
9.999922e-05 9.999922e-01 
9.999943e-05 9.999943e-01 
9.999984e-05 9.999983e-01 
9.999984e-05 9.999984e-01 
9.999986e-05 9.999985e-01 
9.999988e-05 9.999988e-01 
9.999993e-05 9.999993e-01 
9.999994e-05 9.999993e-01 
9.999994e-05 9.999993e-01 
9.999994e-05 9.999994e-01 
9.999995e-05 9.999994e-01 
9.999996e-05 9.999996e-01 
9.999999e-05 9.999998e-01 
9.999999e-05 9.999998e-01 
9.999999e-05 9.999999e-01 
9.999999e-05 9.999999e-01 
9.999999e-05 9.999999e-01 
1.000000e-04 1.000000e+00 
1.000000e-04 1.000000e+00 
1.000000e-04 1.000000e+00 
1.000000e-04 1.000000e+00 
1.000000e-04 1.000000e+00 
1.000000e-04 1.000000e+00 
1.000000e-04 1.000000e+00 
1.000000e-04 1.000000e+00 
1.000000e-04 1.000000e+00 
1.000000e-04 1.000000e+00 
1.000000e-04 1.000000e+00 
1.000000e-04 1.000000e+00 
1.000000e-04 1.000000e+00 
1.000000e-04 1.000000e+00 
1.000000e-04 1.000000e+00 
1.000000e-04 1.000000e+00 
1.000000e-04 1.000000e+00 
1.000000e-04 1.000000e+00 
1.000000e-04 1.000000e+00 
1.000000e-04 1.000000e+00 
1.000000e-04 1.000000e+00 
1.000000e-04 1.000000e+00 
1.000000e-04 1.000000e+00 
1.000000e-04 1.000000e+00 
1.000000e-04 1.000000e+00 
1.000000e-04 1.000000e+00 
1.000000e-04 1.000000e+00 
1.000000e-04 1.000000e+00 
1.000000e-04 1.000000e+00 
1.000000e-04 1.000000e+00 
1.000000e-04 1.000000e+00 
1.000000e-04 1.000000e+00 
1.000000e-04 1.000000e+00 
1.000000e-04 1.000000e+00 
1.000000e-04 1.000000e+00 
1.000000e-04 1.000000e+00 
1.000000e-04 1.000000e+00 
1.000000e-04 1.000000e+00 
1.000000e-04 1.000000e+00 
1.000000e-04 1.000000e+00 
1.000000e-04 1.000000e+00 
1.000000e-04 1.000000e+00 
1.000000e-04 1.000000e+00 
1.000001e-04 1.000001e+00 
1.000001e-04 1.000001e+00 
1.000003e-04 1.000003e+00 
1.000006e-04 1.000006e+00 
1.000012e-04 1.000012e+00 
1.000023e-04 1.000023e+00 
1.000047e-04 1.000047e+00 
1.000094e-04 1.000094e+00 
1.000188e-04 1.000188e+00 
1.000306e-04 1.000306e+00 
1.000430e-04 1.000430e+00 
1.000557e-04 1.000557e+00 
1.000686e-04 1.000686e+00 
1.000822e-04 1.000822e+00 
1.000964e-04 1.000964e+00 
1.001116e-04 1.001116e+00 
1.001278e-04 1.001278e+00 
1.001454e-04 1.001453e+00 
1.001642e-04 1.001642e+00 
1.001848e-04 1.001848e+00 
1.002071e-04 1.002071e+00 
1.002315e-04 1.002315e+00 
1.002581e-04 1.002581e+00 
1.002873e-04 1.002873e+00 
1.003193e-04 1.003193e+00 
1.003544e-04 1.003544e+00 
1.003929e-04 1.003928e+00 
1.004352e-04 1.004352e+00 
1.004817e-04 1.004817e+00 
1.005329e-04 1.005329e+00 
1.005892e-04 1.005892e+00 
1.006512e-04 1.006512e+00 
1.007194e-04 1.007194e+00 
1.007945e-04 1.007945e+00 
1.008772e-04 1.008772e+00 
1.009683e-04 1.009683e+00 
1.010686e-04 1.010686e+00 
1.011791e-04 1.011790e+00 
1.013007e-04 1.013006e+00 
1.014347e-04 1.014346e+00 
1.015822e-04 1.015821e+00 
1.017447e-04 1.017446e+00 
1.019236e-04 1.019235e+00 
1.021207e-04 1.021206e+00 
1.023377e-04 1.023376e+00 
1.025767e-04 1.025766e+00 
1.028400e-04 1.028398e+00 
1.031299e-04 1.031297e+00 
1.034493e-04 1.034490e+00 
1.038011e-04 1.038008e+00 
1.041886e-04 1.041883e+00 
1.046156e-04 1.046152e+00 
1.050861e-04 1.050855e+00 
1.056046e-04 1.056039e+00 
1.061761e-04 1.061753e+00 
1.068062e-04 1.068052e+00 
1.075011e-04 1.074999e+00 
1.082676e-04 1.082661e+00 
1.091135e-04 1.091116e+00 
1.100473e-04 1.100451e+00 
1.110473e-04 1.110446e+00 
1.120473e-04 1.120441e+00 
1.129015e-04 1.128978e+00 
1.136329e-04 1.136288e+00 
1.142765e-04 1.142720e+00 
1.148529e-04 1.148480e+00 
1.153752e-04 1.153699e+00 
1.159045e-04 1.158988e+00 
1.163823e-04 1.163763e+00 
1.168290e-04 1.168226e+00 
1.172360e-04 1.172293e+00 
1.176150e-04 1.176080e+00 
1.179670e-04 1.179597e+00 
1.182974e-04 1.182899e+00 
1.186082e-04 1.186004e+00 
1.189023e-04 1.188942e+00 
1.191812e-04 1.191729e+00 
1.194467e-04 1.194381e+00 
1.197000e-04 1.196912e+00 
1.199424e-04 1.199334e+00 
1.201748e-04 1.201655e+00 
1.203980e-04 1.203885e+00 
1.206128e-04 1.206031e+00 
1.208199e-04 1.208100e+00 
1.210199e-04 1.210098e+00 
1.212132e-04 1.212029e+00 
1.214003e-04 1.213898e+00 
1.215817e-04 1.215710e+00 
1.217577e-04 1.217468e+00 
1.219287e-04 1.219176e+00 
1.220949e-04 1.220837e+00 
1.222567e-04 1.222453e+00 
1.224143e-04 1.224027e+00 
1.225679e-04 1.225561e+00 
1.227178e-04 1.227059e+00 
1.228642e-04 1.228521e+00 
1.230072e-04 1.229949e+00 
1.231470e-04 1.231345e+00 
1.232837e-04 1.232711e+00 
1.234176e-04 1.234048e+00 
1.235487e-04 1.235358e+00 
1.236807e-04 1.236676e+00 
1.238119e-04 1.237987e+00 
1.239440e-04 1.239306e+00 
1.240756e-04 1.240620e+00 
1.242077e-04 1.241940e+00 
1.243395e-04 1.243256e+00 
1.244718e-04 1.244577e+00 
1.246038e-04 1.245896e+00 
1.247363e-04 1.247219e+00 
1.248686e-04 1.248540e+00 
1.250012e-04 1.249865e+00 
1.251338e-04 1.251189e+00 
1.252667e-04 1.252517e+00 
1.253997e-04 1.253844e+00 
1.255329e-04 1.255174e+00 
1.256661e-04 1.256505e+00 
1.257997e-04 1.257839e+00 
1.259333e-04 1.259173e+00 
1.260672e-04 1.260510e+00 
1.262013e-04 1.261849e+00 
1.263356e-04 1.263190e+00 
1.264701e-04 1.264533e+00 
1.266049e-04 1.265879e+00 
1.267399e-04 1.267227e+00 
1.268751e-04 1.268578e+00 
1.270107e-04 1.269931e+00 
1.271465e-04 1.271288e+00 
1.272826e-04 1.272646e+00 
1.274190e-04 1.274009e+00 
1.275557e-04 1.275374e+00 
1.276928e-04 1.276742e+00 
1.278302e-04 1.278114e+00 
1.279679e-04 1.279489e+00 
1.279696e-04 1.279506e+00 
1.279729e-04 1.279539e+00 
1.279795e-04 1.279604e+00 
1.279927e-04 1.279736e+00 
1.279929e-04 1.279738e+00 
1.279933e-04 1.279743e+00 
1.279942e-04 1.279751e+00 
1.279958e-04 1.279768e+00 
1.279992e-04 1.279801e+00 
1.279992e-04 1.279802e+00 
1.279993e-04 1.279803e+00 
1.279996e-04 1.279805e+00 
1.280000e-04 1.279809e+00 
1.280008e-04 1.279818e+00 
1.280025e-04 1.279835e+00 
1.280026e-04 1.279835e+00 
1.280026e-04 1.279836e+00 
1.280027e-04 1.279837e+00 
1.280029e-04 1.279839e+00 
1.280034e-04 1.279843e+00 
1.280034e-04 1.279843e+00 
1.280034e-04 1.279843e+00 
1.280034e-04 1.279844e+00 
1.280035e-04 1.279844e+00 
1.280036e-04 1.279845e+00 
1.280038e-04 1.279847e+00 
1.280038e-04 1.279847e+00 
1.280038e-04 1.279848e+00 
1.280038e-04 1.279848e+00 
1.280039e-04 1.279848e+00 
1.280039e-04 1.279848e+00 
1.280039e-04 1.279848e+00 
1.280039e-04 1.279848e+00 
1.280039e-04 1.279848e+00 
1.280039e-04 1.279848e+00 
1.280039e-04 1.279848e+00 
1.280039e-04 1.279848e+00 
1.280039e-04 1.279848e+00 
1.280039e-04 1.279848e+00 
1.280039e-04 1.279848e+00 
1.280039e-04 1.279848e+00 
1.280039e-04 1.279848e+00 
1.280039e-04 1.279848e+00 
1.280039e-04 1.279848e+00 
1.280039e-04 1.279848e+00 
1.280039e-04 1.279848e+00 
1.280039e-04 1.279848e+00 
1.280039e-04 1.279848e+00 
1.280039e-04 1.279848e+00 
1.280039e-04 1.279848e+00 
1.280039e-04 1.279848e+00 
1.280039e-04 1.279848e+00 
1.280039e-04 1.279848e+00 
1.280039e-04 1.279848e+00 
1.280039e-04 1.279848e+00 
1.280039e-04 1.279848e+00 
1.280039e-04 1.279848e+00 
1.280039e-04 1.279848e+00 
1.280039e-04 1.279848e+00 
1.280039e-04 1.279848e+00 
1.280039e-04 1.279848e+00 
1.280039e-04 1.279848e+00 
1.280039e-04 1.279848e+00 
1.280039e-04 1.279848e+00 
1.280039e-04 1.279848e+00 
1.280039e-04 1.279848e+00 
1.280039e-04 1.279848e+00 
1.280039e-04 1.279848e+00 
1.280039e-04 1.279848e+00 
1.280039e-04 1.279848e+00 
1.280039e-04 1.279848e+00 
1.280039e-04 1.279848e+00 
1.280039e-04 1.279848e+00 
1.280039e-04 1.279848e+00 
1.280039e-04 1.279848e+00 
1.280039e-04 1.279848e+00 
1.280039e-04 1.279848e+00 
1.280039e-04 1.279848e+00 
1.280039e-04 1.279848e+00 
1.280039e-04 1.279848e+00 
1.280039e-04 1.279848e+00 
1.280039e-04 1.279848e+00 
1.280039e-04 1.279848e+00 
1.280039e-04 1.279848e+00 
