1.000000e-08 1.000000e-04 
1.000012e-08 1.000012e-04 
1.000036e-08 1.000036e-04 
1.000084e-08 1.000084e-04 
1.000180e-08 1.000180e-04 
1.000372e-08 1.000372e-04 
1.000756e-08 1.000756e-04 
1.001524e-08 1.001524e-04 
1.003060e-08 1.003060e-04 
1.006132e-08 1.006132e-04 
1.012276e-08 1.012276e-04 
1.024564e-08 1.024564e-04 
1.049140e-08 1.049140e-04 
1.098292e-08 1.098292e-04 
1.196596e-08 1.196596e-04 
1.212611e-08 1.212611e-04 
1.229607e-08 1.229607e-04 
1.247281e-08 1.247281e-04 
1.261477e-08 1.261477e-04 
1.273894e-08 1.273894e-04 
1.286848e-08 1.286848e-04 
1.300012e-08 1.300012e-04 
1.300318e-08 1.300318e-04 
1.300929e-08 1.300929e-04 
1.302152e-08 1.302152e-04 
1.304598e-08 1.304598e-04 
1.309489e-08 1.309489e-04 
1.319271e-08 1.319271e-04 
1.338836e-08 1.338836e-04 
1.377966e-08 1.377966e-04 
1.379653e-08 1.379653e-04 
1.383025e-08 1.383025e-04 
1.387061e-08 1.387061e-04 
1.390849e-08 1.390849e-04 
1.394464e-08 1.394464e-04 
1.401692e-08 1.401692e-04 
1.403560e-08 1.403560e-04 
1.406752e-08 1.406752e-04 
1.413137e-08 1.413137e-04 
1.425906e-08 1.425906e-04 
1.451445e-08 1.451445e-04 
1.502522e-08 1.502522e-04 
1.604676e-08 1.604676e-04 
1.808985e-08 1.808985e-04 
2.217602e-08 2.217602e-04 
3.034836e-08 3.034836e-04 
4.669304e-08 4.669304e-04 
7.938240e-08 7.938240e-04 
1.447611e-07 1.447611e-03 
2.755186e-07 2.755186e-03 
2.803132e-07 2.803132e-03 
2.854445e-07 2.854445e-03 
2.914160e-07 2.914160e-03 
2.962158e-07 2.962158e-03 
3.011009e-07 3.011009e-03 
3.071982e-07 3.071982e-03 
3.131897e-07 3.131897e-03 
3.190693e-07 3.190693e-03 
3.221244e-07 3.221244e-03 
3.249496e-07 3.249496e-03 
3.283735e-07 3.283735e-03 
3.331829e-07 3.331829e-03 
3.403297e-07 3.403297e-03 
3.501471e-07 3.501471e-03 
3.542838e-07 3.542838e-03 
3.583006e-07 3.583006e-03 
3.628563e-07 3.628563e-03 
3.670822e-07 3.670822e-03 
3.707210e-07 3.707210e-03 
3.739111e-07 3.739111e-03 
3.771453e-07 3.771453e-03 
3.806803e-07 3.806803e-03 
3.844392e-07 3.844392e-03 
3.881584e-07 3.881584e-03 
3.917344e-07 3.917344e-03 
3.952753e-07 3.952753e-03 
3.989062e-07 3.989062e-03 
4.026495e-07 4.026495e-03 
4.064384e-07 4.064384e-03 
4.102133e-07 4.102133e-03 
4.139808e-07 4.139808e-03 
4.177823e-07 4.177823e-03 
4.216412e-07 4.216412e-03 
4.255472e-07 4.255472e-03 
4.294783e-07 4.294783e-03 
4.334273e-07 4.334273e-03 
4.374037e-07 4.374037e-03 
4.414188e-07 4.414188e-03 
4.454739e-07 4.454739e-03 
4.495634e-07 4.495634e-03 
4.536826e-07 4.536826e-03 
4.578327e-07 4.578327e-03 
4.620176e-07 4.620176e-03 
4.662393e-07 4.662393e-03 
4.704973e-07 4.704973e-03 
4.747899e-07 4.747899e-03 
4.791168e-07 4.791168e-03 
4.834792e-07 4.834792e-03 
4.878785e-07 4.878785e-03 
4.923148e-07 4.923148e-03 
4.967882e-07 4.967882e-03 
5.012984e-07 5.012984e-03 
5.058459e-07 5.058459e-03 
5.104314e-07 5.104314e-03 
5.150553e-07 5.150553e-03 
5.197179e-07 5.197179e-03 
5.244194e-07 5.244194e-03 
5.291602e-07 5.291602e-03 
5.339405e-07 5.339405e-03 
5.387609e-07 5.387609e-03 
5.436217e-07 5.436217e-03 
5.485233e-07 5.485233e-03 
5.534659e-07 5.534659e-03 
5.584500e-07 5.584500e-03 
5.634759e-07 5.634759e-03 
5.685441e-07 5.685441e-03 
5.736549e-07 5.736549e-03 
5.788087e-07 5.788087e-03 
5.840058e-07 5.840058e-03 
5.892467e-07 5.892467e-03 
5.945317e-07 5.945317e-03 
5.998613e-07 5.998613e-03 
6.052358e-07 6.052358e-03 
6.106557e-07 6.106557e-03 
6.161213e-07 6.161213e-03 
6.216331e-07 6.216331e-03 
6.271915e-07 6.271915e-03 
6.327968e-07 6.327968e-03 
6.384496e-07 6.384496e-03 
6.441502e-07 6.441502e-03 
6.498990e-07 6.498990e-03 
6.556966e-07 6.556966e-03 
6.615432e-07 6.615432e-03 
6.674394e-07 6.674394e-03 
6.733857e-07 6.733857e-03 
6.793823e-07 6.793823e-03 
6.854299e-07 6.854299e-03 
6.915288e-07 6.915288e-03 
6.976795e-07 6.976795e-03 
7.038824e-07 7.038824e-03 
7.101381e-07 7.101381e-03 
7.164470e-07 7.164470e-03 
7.228096e-07 7.228096e-03 
7.292263e-07 7.292263e-03 
7.356976e-07 7.356976e-03 
7.422240e-07 7.422240e-03 
7.488060e-07 7.488060e-03 
7.554441e-07 7.554441e-03 
7.621388e-07 7.621388e-03 
7.688905e-07 7.688905e-03 
7.756999e-07 7.756999e-03 
7.825673e-07 7.825673e-03 
7.894934e-07 7.894934e-03 
7.964785e-07 7.964785e-03 
8.035234e-07 8.035234e-03 
8.106284e-07 8.106284e-03 
8.177941e-07 8.177941e-03 
8.250210e-07 8.250210e-03 
8.323098e-07 8.323098e-03 
8.396608e-07 8.396608e-03 
8.470748e-07 8.470748e-03 
8.545521e-07 8.545521e-03 
8.620935e-07 8.620935e-03 
8.696994e-07 8.696994e-03 
8.773705e-07 8.773705e-03 
8.851072e-07 8.851072e-03 
8.929102e-07 8.929102e-03 
9.007801e-07 9.007801e-03 
9.087174e-07 9.087174e-03 
9.167227e-07 9.167227e-03 
9.247967e-07 9.247967e-03 
9.329399e-07 9.329399e-03 
9.411530e-07 9.411530e-03 
9.494366e-07 9.494366e-03 
9.577912e-07 9.577912e-03 
9.662175e-07 9.662175e-03 
9.747162e-07 9.747162e-03 
9.832878e-07 9.832878e-03 
9.921390e-07 9.921390e-03 
1.000000e-06 1.000000e-02 
1.001770e-06 1.001770e-02 
1.005311e-06 1.005311e-02 
1.012233e-06 1.012233e-02 
1.026077e-06 1.026077e-02 
1.053766e-06 1.053766e-02 
1.109143e-06 1.109143e-02 
1.219898e-06 1.219898e-02 
1.441408e-06 1.441408e-02 
1.884427e-06 1.884427e-02 
1.903868e-06 1.903868e-02 
1.927255e-06 1.927255e-02 
1.958685e-06 1.958685e-02 
2.000000e-06 2.000000e-02 
2.004628e-06 2.004628e-02 
2.013884e-06 2.013884e-02 
2.030444e-06 2.030444e-02 
2.063564e-06 2.063564e-02 
2.082321e-06 2.082321e-02 
2.100524e-06 2.100524e-02 
2.123976e-06 2.123976e-02 
2.156397e-06 2.156397e-02 
2.183823e-06 2.183823e-02 
2.211294e-06 2.211294e-02 
2.233700e-06 2.233700e-02 
2.251569e-06 2.251569e-02 
2.269336e-06 2.269336e-02 
2.289338e-06 2.289338e-02 
2.311381e-06 2.311381e-02 
2.333294e-06 2.333294e-02 
2.353890e-06 2.353890e-02 
2.373965e-06 2.373965e-02 
2.394617e-06 2.394617e-02 
2.416165e-06 2.416165e-02 
2.438116e-06 2.438116e-02 
2.459914e-06 2.459914e-02 
2.481538e-06 2.481538e-02 
2.503325e-06 2.503325e-02 
2.525510e-06 2.525510e-02 
2.548037e-06 2.548037e-02 
2.570719e-06 2.570719e-02 
2.593471e-06 2.593471e-02 
2.616359e-06 2.616359e-02 
2.639482e-06 2.639482e-02 
2.662866e-06 2.662866e-02 
2.686464e-06 2.686464e-02 
2.710232e-06 2.710232e-02 
2.734172e-06 2.734172e-02 
2.758316e-06 2.758316e-02 
2.782685e-06 2.782685e-02 
2.807274e-06 2.807274e-02 
2.832068e-06 2.832068e-02 
2.857063e-06 2.857063e-02 
2.882267e-06 2.882267e-02 
2.907689e-06 2.907689e-02 
2.933334e-06 2.933334e-02 
2.959198e-06 2.959198e-02 
2.985280e-06 2.985280e-02 
3.011583e-06 3.011583e-02 
3.038110e-06 3.038110e-02 
3.064865e-06 3.064865e-02 
3.091850e-06 3.091850e-02 
3.119065e-06 3.119065e-02 
3.146511e-06 3.146511e-02 
3.174191e-06 3.174191e-02 
3.202109e-06 3.202109e-02 
3.230265e-06 3.230265e-02 
3.258663e-06 3.258663e-02 
3.287303e-06 3.287303e-02 
3.316188e-06 3.316188e-02 
3.345319e-06 3.345319e-02 
3.374700e-06 3.374700e-02 
3.404333e-06 3.404333e-02 
3.434219e-06 3.434219e-02 
3.464361e-06 3.464361e-02 
3.494761e-06 3.494761e-02 
3.525422e-06 3.525422e-02 
3.556345e-06 3.556345e-02 
3.587533e-06 3.587533e-02 
3.618988e-06 3.618988e-02 
3.650712e-06 3.650712e-02 
3.682708e-06 3.682708e-02 
3.714979e-06 3.714979e-02 
3.747526e-06 3.747526e-02 
3.780352e-06 3.780352e-02 
3.813459e-06 3.813459e-02 
3.846851e-06 3.846851e-02 
3.880528e-06 3.880528e-02 
3.914495e-06 3.914495e-02 
3.948752e-06 3.948752e-02 
3.983304e-06 3.983304e-02 
4.018152e-06 4.018152e-02 
4.053299e-06 4.053299e-02 
4.088747e-06 4.088747e-02 
4.124500e-06 4.124500e-02 
4.160560e-06 4.160560e-02 
4.196929e-06 4.196929e-02 
4.233610e-06 4.233610e-02 
4.270606e-06 4.270606e-02 
4.307919e-06 4.307919e-02 
4.345553e-06 4.345553e-02 
4.383511e-06 4.383511e-02 
4.421794e-06 4.421794e-02 
4.460405e-06 4.460405e-02 
4.499349e-06 4.499349e-02 
4.538626e-06 4.538626e-02 
4.578241e-06 4.578241e-02 
4.618197e-06 4.618197e-02 
4.658495e-06 4.658495e-02 
4.699140e-06 4.699140e-02 
4.740134e-06 4.740134e-02 
4.781480e-06 4.781480e-02 
4.823182e-06 4.823182e-02 
4.865241e-06 4.865241e-02 
4.907662e-06 4.907662e-02 
4.950448e-06 4.950448e-02 
4.993601e-06 4.993601e-02 
5.037125e-06 5.037125e-02 
5.081023e-06 5.081023e-02 
5.125298e-06 5.125298e-02 
5.169954e-06 5.169954e-02 
5.214994e-06 5.214994e-02 
5.260420e-06 5.260420e-02 
5.306237e-06 5.306237e-02 
5.352448e-06 5.352448e-02 
5.399056e-06 5.399056e-02 
5.446065e-06 5.446065e-02 
5.493478e-06 5.493478e-02 
5.541298e-06 5.541298e-02 
5.589530e-06 5.589530e-02 
5.638176e-06 5.638176e-02 
5.687240e-06 5.687240e-02 
5.736726e-06 5.736726e-02 
5.786637e-06 5.786637e-02 
5.836977e-06 5.836977e-02 
5.887750e-06 5.887750e-02 
5.938960e-06 5.938960e-02 
5.990609e-06 5.990609e-02 
6.042703e-06 6.042703e-02 
6.095245e-06 6.095245e-02 
6.148238e-06 6.148238e-02 
6.201686e-06 6.201686e-02 
6.255594e-06 6.255594e-02 
6.309966e-06 6.309966e-02 
6.364805e-06 6.364805e-02 
6.420115e-06 6.420115e-02 
6.475901e-06 6.475901e-02 
6.532166e-06 6.532166e-02 
6.588914e-06 6.588914e-02 
6.646151e-06 6.646151e-02 
6.703879e-06 6.703879e-02 
6.762104e-06 6.762104e-02 
6.820829e-06 6.820829e-02 
6.880058e-06 6.880058e-02 
6.939797e-06 6.939797e-02 
7.000049e-06 7.000049e-02 
7.060819e-06 7.060819e-02 
7.122111e-06 7.122111e-02 
7.183929e-06 7.183929e-02 
7.246279e-06 7.246279e-02 
7.309165e-06 7.309165e-02 
7.372590e-06 7.372590e-02 
7.436561e-06 7.436561e-02 
7.501081e-06 7.501081e-02 
7.566156e-06 7.566156e-02 
7.631789e-06 7.631789e-02 
7.697987e-06 7.697987e-02 
7.764753e-06 7.764753e-02 
7.832092e-06 7.832092e-02 
7.900010e-06 7.900010e-02 
7.968511e-06 7.968511e-02 
8.037600e-06 8.037600e-02 
8.107283e-06 8.107283e-02 
8.177564e-06 8.177564e-02 
8.248448e-06 8.248448e-02 
8.319941e-06 8.319941e-02 
8.392048e-06 8.392048e-02 
8.464774e-06 8.464774e-02 
8.538124e-06 8.538124e-02 
8.612104e-06 8.612104e-02 
8.686718e-06 8.686718e-02 
8.761973e-06 8.761973e-02 
8.837874e-06 8.837874e-02 
8.914426e-06 8.914426e-02 
8.991635e-06 8.991635e-02 
9.069507e-06 9.069507e-02 
9.148047e-06 9.148047e-02 
9.227260e-06 9.227260e-02 
9.307153e-06 9.307153e-02 
9.387731e-06 9.387731e-02 
9.469000e-06 9.469000e-02 
9.550967e-06 9.550967e-02 
9.633636e-06 9.633636e-02 
9.717014e-06 9.717014e-02 
9.801107e-06 9.801107e-02 
9.885920e-06 9.885920e-02 
9.971461e-06 9.971461e-02 
1.005774e-05 1.005774e-01 
1.014475e-05 1.014475e-01 
1.023251e-05 1.023251e-01 
1.032102e-05 1.032102e-01 
1.041029e-05 1.041029e-01 
1.050032e-05 1.050032e-01 
1.059113e-05 1.059113e-01 
1.068271e-05 1.068271e-01 
1.077508e-05 1.077508e-01 
1.086824e-05 1.086824e-01 
1.096220e-05 1.096220e-01 
1.105696e-05 1.105696e-01 
1.115253e-05 1.115253e-01 
1.124892e-05 1.124892e-01 
1.134614e-05 1.134614e-01 
1.144419e-05 1.144419e-01 
1.154307e-05 1.154307e-01 
1.164281e-05 1.164281e-01 
1.174339e-05 1.174339e-01 
1.184484e-05 1.184484e-01 
1.194716e-05 1.194716e-01 
1.205035e-05 1.205035e-01 
1.215442e-05 1.215442e-01 
1.225938e-05 1.225938e-01 
1.236524e-05 1.236524e-01 
1.247201e-05 1.247201e-01 
1.257968e-05 1.257968e-01 
1.268828e-05 1.268828e-01 
1.279781e-05 1.279781e-01 
1.290827e-05 1.290827e-01 
1.301967e-05 1.301967e-01 
1.313203e-05 1.313203e-01 
1.324535e-05 1.324535e-01 
1.335963e-05 1.335963e-01 
1.347489e-05 1.347489e-01 
1.359114e-05 1.359114e-01 
1.370837e-05 1.370837e-01 
1.382661e-05 1.382661e-01 
1.394586e-05 1.394586e-01 
1.406612e-05 1.406612e-01 
1.418741e-05 1.418741e-01 
1.430974e-05 1.430974e-01 
1.443310e-05 1.443310e-01 
1.455752e-05 1.455752e-01 
1.468300e-05 1.468300e-01 
1.480955e-05 1.480955e-01 
1.493718e-05 1.493718e-01 
1.506590e-05 1.506590e-01 
1.519571e-05 1.519571e-01 
1.532663e-05 1.532663e-01 
1.545867e-05 1.545867e-01 
1.559183e-05 1.559183e-01 
1.572612e-05 1.572612e-01 
1.586156e-05 1.586156e-01 
1.599815e-05 1.599815e-01 
1.613590e-05 1.613590e-01 
1.627482e-05 1.627482e-01 
1.641493e-05 1.641493e-01 
1.655623e-05 1.655623e-01 
1.669873e-05 1.669873e-01 
1.684244e-05 1.684244e-01 
1.698738e-05 1.698738e-01 
1.713354e-05 1.713354e-01 
1.728095e-05 1.728095e-01 
1.742961e-05 1.742961e-01 
1.757954e-05 1.757954e-01 
1.773073e-05 1.773073e-01 
1.788321e-05 1.788321e-01 
1.803699e-05 1.803699e-01 
1.819207e-05 1.819207e-01 
1.834847e-05 1.834847e-01 
1.850620e-05 1.850620e-01 
1.866526e-05 1.866526e-01 
1.882568e-05 1.882568e-01 
1.898745e-05 1.898745e-01 
1.915060e-05 1.915059e-01 
1.931512e-05 1.931512e-01 
1.948105e-05 1.948105e-01 
1.964838e-05 1.964838e-01 
1.981712e-05 1.981712e-01 
1.998730e-05 1.998730e-01 
2.015892e-05 2.015892e-01 
2.033199e-05 2.033199e-01 
2.050653e-05 2.050653e-01 
2.068254e-05 2.068254e-01 
2.086004e-05 2.086004e-01 
2.103905e-05 2.103905e-01 
2.121957e-05 2.121957e-01 
2.140161e-05 2.140161e-01 
2.158519e-05 2.158519e-01 
2.177033e-05 2.177033e-01 
2.195703e-05 2.195703e-01 
2.214531e-05 2.214531e-01 
2.233517e-05 2.233517e-01 
2.252664e-05 2.252664e-01 
2.271973e-05 2.271973e-01 
2.291445e-05 2.291445e-01 
2.311081e-05 2.311081e-01 
2.330882e-05 2.330882e-01 
2.350851e-05 2.350851e-01 
2.370988e-05 2.370988e-01 
2.391295e-05 2.391295e-01 
2.411772e-05 2.411772e-01 
2.432423e-05 2.432423e-01 
2.453247e-05 2.453247e-01 
2.474247e-05 2.474247e-01 
2.478246e-05 2.478246e-01 
2.486244e-05 2.486244e-01 
2.487153e-05 2.487153e-01 
2.488971e-05 2.488971e-01 
2.492607e-05 2.492607e-01 
2.497671e-05 2.497671e-01 
2.498141e-05 2.498141e-01 
2.499081e-05 2.499081e-01 
2.499108e-05 2.499108e-01 
2.499162e-05 2.499162e-01 
2.499197e-05 2.499197e-01 
2.499234e-05 2.499234e-01 
2.499272e-05 2.499272e-01 
2.499307e-05 2.499307e-01 
2.499360e-05 2.499360e-01 
2.499426e-05 2.499426e-01 
2.499534e-05 2.499534e-01 
2.499719e-05 2.499719e-01 
2.500058e-05 2.500058e-01 
2.500060e-05 2.500060e-01 
2.500060e-05 2.500060e-01 
2.500061e-05 2.500061e-01 
2.500062e-05 2.500062e-01 
2.500062e-05 2.500062e-01 
2.500062e-05 2.500062e-01 
2.500062e-05 2.500062e-01 
2.500062e-05 2.500062e-01 
2.500062e-05 2.500062e-01 
2.500062e-05 2.500062e-01 
2.500062e-05 2.500062e-01 
2.500062e-05 2.500062e-01 
2.500062e-05 2.500062e-01 
2.500062e-05 2.500062e-01 
2.500062e-05 2.500062e-01 
2.500062e-05 2.500062e-01 
2.500062e-05 2.500062e-01 
2.500062e-05 2.500062e-01 
2.500062e-05 2.500062e-01 
2.500062e-05 2.500062e-01 
2.500062e-05 2.500062e-01 
2.500062e-05 2.500062e-01 
2.500062e-05 2.500062e-01 
2.500062e-05 2.500062e-01 
2.500062e-05 2.500062e-01 
2.500062e-05 2.500062e-01 
2.500062e-05 2.500062e-01 
2.500062e-05 2.500062e-01 
2.500062e-05 2.500062e-01 
2.500062e-05 2.500062e-01 
2.500062e-05 2.500062e-01 
2.500062e-05 2.500062e-01 
2.500062e-05 2.500062e-01 
2.500062e-05 2.500062e-01 
2.500062e-05 2.500062e-01 
2.500062e-05 2.500062e-01 
2.500062e-05 2.500062e-01 
2.500062e-05 2.500062e-01 
2.500062e-05 2.500062e-01 
2.500062e-05 2.500062e-01 
2.500062e-05 2.500062e-01 
2.500063e-05 2.500063e-01 
2.500063e-05 2.500063e-01 
2.500063e-05 2.500063e-01 
2.500063e-05 2.500063e-01 
2.500063e-05 2.500063e-01 
2.500063e-05 2.500063e-01 
2.500063e-05 2.500063e-01 
2.500063e-05 2.500063e-01 
2.500063e-05 2.500063e-01 
2.500063e-05 2.500063e-01 
2.500063e-05 2.500063e-01 
2.500063e-05 2.500063e-01 
2.500063e-05 2.500063e-01 
2.500063e-05 2.500063e-01 
2.500063e-05 2.500063e-01 
2.500063e-05 2.500063e-01 
2.500063e-05 2.500063e-01 
2.500063e-05 2.500063e-01 
2.500063e-05 2.500063e-01 
2.500063e-05 2.500063e-01 
2.500063e-05 2.500063e-01 
2.500063e-05 2.500063e-01 
2.500063e-05 2.500063e-01 
2.500063e-05 2.500063e-01 
2.500063e-05 2.500063e-01 
2.500063e-05 2.500063e-01 
2.500063e-05 2.500063e-01 
2.500063e-05 2.500063e-01 
2.500063e-05 2.500063e-01 
2.500063e-05 2.500063e-01 
2.500063e-05 2.500063e-01 
2.500063e-05 2.500063e-01 
2.500063e-05 2.500063e-01 
2.500063e-05 2.500063e-01 
2.500063e-05 2.500063e-01 
2.500063e-05 2.500063e-01 
2.500063e-05 2.500063e-01 
2.500063e-05 2.500063e-01 
2.500063e-05 2.500063e-01 
2.500063e-05 2.500063e-01 
2.500063e-05 2.500063e-01 
2.500063e-05 2.500063e-01 
2.500063e-05 2.500063e-01 
2.500063e-05 2.500063e-01 
2.500063e-05 2.500063e-01 
2.500063e-05 2.500063e-01 
2.500063e-05 2.500063e-01 
2.500063e-05 2.500063e-01 
2.500063e-05 2.500063e-01 
2.500063e-05 2.500063e-01 
2.500063e-05 2.500063e-01 
2.500063e-05 2.500063e-01 
2.500063e-05 2.500063e-01 
2.500063e-05 2.500063e-01 
2.500063e-05 2.500063e-01 
2.500063e-05 2.500063e-01 
2.500063e-05 2.500063e-01 
2.500063e-05 2.500063e-01 
2.500063e-05 2.500063e-01 
2.500063e-05 2.500063e-01 
2.500063e-05 2.500063e-01 
2.500063e-05 2.500063e-01 
2.500063e-05 2.500063e-01 
2.500063e-05 2.500063e-01 
2.500063e-05 2.500063e-01 
2.500063e-05 2.500063e-01 
2.500063e-05 2.500063e-01 
2.500063e-05 2.500063e-01 
2.500063e-05 2.500063e-01 
2.500063e-05 2.500063e-01 
2.500063e-05 2.500063e-01 
2.500063e-05 2.500063e-01 
2.500063e-05 2.500063e-01 
2.500063e-05 2.500063e-01 
2.500063e-05 2.500063e-01 
2.500063e-05 2.500063e-01 
2.500063e-05 2.500063e-01 
2.500063e-05 2.500063e-01 
2.500063e-05 2.500063e-01 
2.500063e-05 2.500063e-01 
2.500063e-05 2.500063e-01 
2.500063e-05 2.500063e-01 
2.500063e-05 2.500063e-01 
2.500063e-05 2.500063e-01 
2.500063e-05 2.500063e-01 
2.500063e-05 2.500063e-01 
2.500063e-05 2.500063e-01 
2.500063e-05 2.500063e-01 
2.500063e-05 2.500063e-01 
2.500063e-05 2.500063e-01 
2.500063e-05 2.500063e-01 
2.500063e-05 2.500063e-01 
2.500063e-05 2.500063e-01 
2.500063e-05 2.500063e-01 
2.500063e-05 2.500063e-01 
2.500063e-05 2.500063e-01 
2.500063e-05 2.500063e-01 
2.500063e-05 2.500063e-01 
2.500063e-05 2.500063e-01 
2.500063e-05 2.500063e-01 
2.500063e-05 2.500063e-01 
2.500063e-05 2.500063e-01 
2.500063e-05 2.500063e-01 
2.500063e-05 2.500063e-01 
2.500063e-05 2.500063e-01 
2.500063e-05 2.500063e-01 
2.500063e-05 2.500063e-01 
2.500063e-05 2.500063e-01 
2.500063e-05 2.500063e-01 
2.500063e-05 2.500063e-01 
2.500063e-05 2.500063e-01 
2.500063e-05 2.500063e-01 
2.500063e-05 2.500063e-01 
2.500063e-05 2.500063e-01 
2.500063e-05 2.500063e-01 
2.500063e-05 2.500063e-01 
2.500063e-05 2.500063e-01 
2.500063e-05 2.500063e-01 
2.500063e-05 2.500063e-01 
2.500063e-05 2.500063e-01 
2.500063e-05 2.500063e-01 
2.500063e-05 2.500063e-01 
2.500063e-05 2.500063e-01 
2.500063e-05 2.500063e-01 
2.500063e-05 2.500063e-01 
2.500063e-05 2.500063e-01 
2.500063e-05 2.500063e-01 
2.500064e-05 2.500064e-01 
2.500064e-05 2.500064e-01 
2.500065e-05 2.500065e-01 
2.500067e-05 2.500067e-01 
2.500071e-05 2.500071e-01 
2.500078e-05 2.500078e-01 
2.500093e-05 2.500093e-01 
2.500123e-05 2.500123e-01 
2.500182e-05 2.500182e-01 
2.500301e-05 2.500301e-01 
2.500539e-05 2.500539e-01 
2.501015e-05 2.501015e-01 
2.501968e-05 2.501968e-01 
2.503872e-05 2.503872e-01 
2.507681e-05 2.507681e-01 
2.515298e-05 2.515298e-01 
2.530533e-05 2.530533e-01 
2.561002e-05 2.561002e-01 
2.621941e-05 2.621941e-01 
2.644515e-05 2.644515e-01 
2.667293e-05 2.667293e-01 
2.696176e-05 2.696176e-01 
2.739964e-05 2.739964e-01 
2.770145e-05 2.770145e-01 
2.798101e-05 2.798101e-01 
2.824483e-05 2.824483e-01 
2.847712e-05 2.847712e-01 
2.870238e-05 2.870238e-01 
2.894136e-05 2.894136e-01 
2.919684e-05 2.919684e-01 
2.945620e-05 2.945620e-01 
2.970883e-05 2.970883e-01 
2.995700e-05 2.995700e-01 
3.020836e-05 3.020836e-01 
3.046668e-05 3.046668e-01 
3.072972e-05 3.072972e-01 
3.099345e-05 3.099345e-01 
3.125674e-05 3.125674e-01 
3.152147e-05 3.152147e-01 
3.178959e-05 3.178958e-01 
3.206119e-05 3.206119e-01 
3.233515e-05 3.233515e-01 
3.261062e-05 3.261062e-01 
3.288784e-05 3.288784e-01 
3.316750e-05 3.316750e-01 
3.344992e-05 3.344992e-01 
3.373489e-05 3.373489e-01 
3.402210e-05 3.402210e-01 
3.431146e-05 3.431146e-01 
3.460318e-05 3.460318e-01 
3.489743e-05 3.489743e-01 
3.519423e-05 3.519423e-01 
3.549350e-05 3.549350e-01 
3.579519e-05 3.579519e-01 
3.609933e-05 3.609933e-01 
3.640601e-05 3.640601e-01 
3.671528e-05 3.671528e-01 
3.702712e-05 3.702712e-01 
3.734154e-05 3.734154e-01 
3.765854e-05 3.765854e-01 
3.797816e-05 3.797816e-01 
3.830044e-05 3.830044e-01 
3.862539e-05 3.862539e-01 
3.895303e-05 3.895303e-01 
3.928338e-05 3.928338e-01 
3.961645e-05 3.961645e-01 
3.995227e-05 3.995227e-01 
4.029087e-05 4.029087e-01 
4.063227e-05 4.063227e-01 
4.097648e-05 4.097648e-01 
4.132353e-05 4.132353e-01 
4.167344e-05 4.167344e-01 
4.202624e-05 4.202624e-01 
4.238194e-05 4.238194e-01 
4.274057e-05 4.274057e-01 
4.310215e-05 4.310215e-01 
4.346670e-05 4.346670e-01 
4.383426e-05 4.383426e-01 
4.420483e-05 4.420483e-01 
4.457845e-05 4.457845e-01 
4.495513e-05 4.495513e-01 
4.533491e-05 4.533491e-01 
4.571780e-05 4.571780e-01 
4.610384e-05 4.610383e-01 
4.649303e-05 4.649303e-01 
4.688542e-05 4.688541e-01 
4.728101e-05 4.728101e-01 
4.767985e-05 4.767985e-01 
4.808194e-05 4.808194e-01 
4.848733e-05 4.848733e-01 
4.889602e-05 4.889602e-01 
4.930806e-05 4.930806e-01 
4.980628e-05 4.980628e-01 
5.000000e-05 5.000000e-01 
5.009074e-05 5.009074e-01 
5.027222e-05 5.027222e-01 
5.059701e-05 5.059701e-01 
5.124660e-05 5.124660e-01 
5.168474e-05 5.168474e-01 
5.211375e-05 5.211374e-01 
5.259178e-05 5.259178e-01 
5.306694e-05 5.306694e-01 
5.350957e-05 5.350957e-01 
5.393867e-05 5.393867e-01 
5.438070e-05 5.438070e-01 
5.484363e-05 5.484363e-01 
5.531590e-05 5.531590e-01 
5.578394e-05 5.578394e-01 
5.624707e-05 5.624707e-01 
5.671334e-05 5.671334e-01 
5.718842e-05 5.718842e-01 
5.767112e-05 5.767112e-01 
5.815692e-05 5.815692e-01 
5.864370e-05 5.864369e-01 
5.913298e-05 5.913298e-01 
5.962715e-05 5.962715e-01 
6.012683e-05 6.012683e-01 
6.063095e-05 6.063095e-01 
6.114223e-05 6.114222e-01 
6.166634e-05 6.166634e-01 
6.221174e-05 6.221174e-01 
6.279167e-05 6.279167e-01 
6.343198e-05 6.343198e-01 
6.421011e-05 6.421011e-01 
6.521011e-05 6.521011e-01 
6.621011e-05 6.621011e-01 
6.721011e-05 6.721011e-01 
6.821011e-05 6.821011e-01 
6.921011e-05 6.921011e-01 
7.021011e-05 7.021011e-01 
7.121011e-05 7.121011e-01 
7.221011e-05 7.221011e-01 
7.321011e-05 7.321011e-01 
7.421011e-05 7.421011e-01 
7.521011e-05 7.521011e-01 
7.621011e-05 7.621011e-01 
7.721011e-05 7.721011e-01 
7.821011e-05 7.821011e-01 
7.921011e-05 7.921011e-01 
8.021011e-05 8.021011e-01 
8.121011e-05 8.121011e-01 
8.221011e-05 8.221011e-01 
8.321011e-05 8.321011e-01 
8.421011e-05 8.421011e-01 
8.521011e-05 8.521011e-01 
8.621011e-05 8.621011e-01 
8.721011e-05 8.721011e-01 
8.821011e-05 8.821011e-01 
8.921011e-05 8.921011e-01 
9.021011e-05 9.021011e-01 
9.121011e-05 9.121011e-01 
9.221011e-05 9.221011e-01 
9.321011e-05 9.321011e-01 
9.421011e-05 9.421011e-01 
9.521011e-05 9.521011e-01 
9.621011e-05 9.621011e-01 
9.721011e-05 9.721011e-01 
9.821011e-05 9.821011e-01 
9.921011e-05 9.921011e-01 
9.922213e-05 9.922212e-01 
9.924615e-05 9.924615e-01 
9.929421e-05 9.929421e-01 
9.939032e-05 9.939031e-01 
9.958253e-05 9.958253e-01 
9.996696e-05 9.996696e-01 
9.997307e-05 9.997307e-01 
9.998529e-05 9.998529e-01 
9.998548e-05 9.998548e-01 
9.998587e-05 9.998587e-01 
9.998665e-05 9.998665e-01 
9.998820e-05 9.998820e-01 
9.999131e-05 9.999131e-01 
9.999752e-05 9.999752e-01 
9.999762e-05 9.999762e-01 
9.999782e-05 9.999781e-01 
9.999821e-05 9.999821e-01 
9.999900e-05 9.999900e-01 
9.999901e-05 9.999901e-01 
9.999904e-05 9.999904e-01 
9.999909e-05 9.999909e-01 
9.999919e-05 9.999919e-01 
9.999939e-05 9.999939e-01 
9.999979e-05 9.999979e-01 
9.999980e-05 9.999980e-01 
9.999981e-05 9.999981e-01 
9.999984e-05 9.999983e-01 
9.999989e-05 9.999989e-01 
9.999999e-05 9.999999e-01 
9.999999e-05 9.999999e-01 
9.999999e-05 9.999999e-01 
9.999999e-05 9.999999e-01 
1.000000e-04 9.999999e-01 
1.000000e-04 9.999999e-01 
1.000000e-04 9.999999e-01 
1.000000e-04 9.999999e-01 
1.000000e-04 1.000000e+00 
1.000000e-04 1.000000e+00 
1.000000e-04 1.000000e+00 
1.000000e-04 1.000000e+00 
1.000000e-04 1.000000e+00 
1.000000e-04 1.000000e+00 
1.000000e-04 1.000000e+00 
1.000000e-04 1.000000e+00 
1.000000e-04 1.000000e+00 
1.000000e-04 1.000000e+00 
1.000000e-04 1.000000e+00 
1.000000e-04 1.000000e+00 
1.000000e-04 1.000000e+00 
1.000000e-04 1.000000e+00 
1.000000e-04 1.000000e+00 
1.000000e-04 1.000000e+00 
1.000000e-04 1.000000e+00 
1.000000e-04 1.000000e+00 
1.000000e-04 1.000000e+00 
1.000000e-04 1.000000e+00 
1.000000e-04 1.000000e+00 
1.000000e-04 1.000000e+00 
1.000000e-04 1.000000e+00 
1.000000e-04 1.000000e+00 
1.000000e-04 1.000000e+00 
1.000000e-04 1.000000e+00 
