1.000000e-08 1.000000e+00 
1.000012e-08 1.000000e+00 
1.000036e-08 1.000000e+00 
1.000084e-08 1.000000e+00 
1.000180e-08 1.000000e+00 
1.000372e-08 1.000000e+00 
1.000756e-08 1.000000e+00 
1.001524e-08 1.000000e+00 
1.003060e-08 1.000000e+00 
1.006132e-08 1.000000e+00 
1.012276e-08 1.000000e+00 
1.024564e-08 1.000000e+00 
1.049140e-08 1.000000e+00 
1.098292e-08 1.000000e+00 
1.196596e-08 1.000000e+00 
1.212611e-08 1.000000e+00 
1.229607e-08 1.000000e+00 
1.247281e-08 1.000000e+00 
1.261477e-08 1.000000e+00 
1.273894e-08 1.000000e+00 
1.286848e-08 1.000000e+00 
1.300012e-08 1.000000e+00 
1.300318e-08 1.000000e+00 
1.300929e-08 1.000000e+00 
1.302152e-08 1.000000e+00 
1.304598e-08 1.000000e+00 
1.309489e-08 1.000000e+00 
1.319271e-08 1.000000e+00 
1.338836e-08 1.000000e+00 
1.377966e-08 1.000000e+00 
1.379653e-08 1.000000e+00 
1.383025e-08 1.000000e+00 
1.387061e-08 1.000000e+00 
1.390849e-08 1.000000e+00 
1.394464e-08 1.000000e+00 
1.401692e-08 1.000000e+00 
1.403560e-08 1.000000e+00 
1.406752e-08 1.000000e+00 
1.413137e-08 1.000000e+00 
1.425906e-08 1.000000e+00 
1.451445e-08 1.000000e+00 
1.502522e-08 1.000000e+00 
1.604676e-08 1.000000e+00 
1.808985e-08 1.000000e+00 
2.217602e-08 1.000000e+00 
3.034836e-08 1.000000e+00 
4.669304e-08 1.000000e+00 
7.938240e-08 1.000000e+00 
1.447611e-07 1.000000e+00 
2.755186e-07 1.000000e+00 
2.803132e-07 1.000000e+00 
2.854445e-07 1.000000e+00 
2.914160e-07 1.000000e+00 
2.962158e-07 1.000000e+00 
3.011009e-07 1.000000e+00 
3.071982e-07 1.000000e+00 
3.131897e-07 1.000000e+00 
3.190693e-07 1.000000e+00 
3.221244e-07 1.000000e+00 
3.249496e-07 1.000000e+00 
3.283735e-07 1.000000e+00 
3.331829e-07 1.000000e+00 
3.403297e-07 1.000000e+00 
3.501471e-07 1.000000e+00 
3.542838e-07 1.000000e+00 
3.583006e-07 1.000000e+00 
3.628563e-07 1.000000e+00 
3.670822e-07 1.000000e+00 
3.707210e-07 1.000000e+00 
3.739111e-07 1.000000e+00 
3.771453e-07 1.000000e+00 
3.806803e-07 1.000000e+00 
3.844392e-07 1.000000e+00 
3.881584e-07 1.000000e+00 
3.917344e-07 1.000000e+00 
3.952753e-07 1.000000e+00 
3.989062e-07 1.000000e+00 
4.026495e-07 1.000000e+00 
4.064384e-07 1.000000e+00 
4.102133e-07 1.000000e+00 
4.139808e-07 1.000000e+00 
4.177823e-07 1.000000e+00 
4.216412e-07 1.000000e+00 
4.255472e-07 1.000000e+00 
4.294783e-07 1.000000e+00 
4.334273e-07 1.000000e+00 
4.374037e-07 1.000000e+00 
4.414188e-07 1.000000e+00 
4.454739e-07 1.000000e+00 
4.495634e-07 1.000000e+00 
4.536826e-07 1.000000e+00 
4.578327e-07 1.000000e+00 
4.620176e-07 1.000000e+00 
4.662393e-07 1.000000e+00 
4.704973e-07 1.000000e+00 
4.747899e-07 1.000000e+00 
4.791168e-07 1.000000e+00 
4.834792e-07 1.000000e+00 
4.878785e-07 1.000000e+00 
4.923148e-07 1.000000e+00 
4.967882e-07 1.000000e+00 
5.012984e-07 1.000000e+00 
5.058459e-07 1.000000e+00 
5.104314e-07 1.000000e+00 
5.150553e-07 1.000000e+00 
5.197179e-07 1.000000e+00 
5.244194e-07 1.000000e+00 
5.291602e-07 1.000000e+00 
5.339405e-07 1.000000e+00 
5.387609e-07 1.000000e+00 
5.436217e-07 1.000000e+00 
5.485233e-07 1.000000e+00 
5.534659e-07 1.000000e+00 
5.584500e-07 1.000000e+00 
5.634759e-07 1.000000e+00 
5.685441e-07 1.000000e+00 
5.736549e-07 1.000000e+00 
5.788087e-07 1.000000e+00 
5.840058e-07 1.000000e+00 
5.892467e-07 1.000000e+00 
5.945317e-07 1.000000e+00 
5.998613e-07 1.000000e+00 
6.052358e-07 1.000000e+00 
6.106557e-07 1.000000e+00 
6.161213e-07 1.000000e+00 
6.216331e-07 1.000000e+00 
6.271915e-07 1.000000e+00 
6.327968e-07 1.000000e+00 
6.384496e-07 1.000000e+00 
6.441502e-07 1.000000e+00 
6.498990e-07 1.000000e+00 
6.556966e-07 1.000000e+00 
6.615432e-07 1.000000e+00 
6.674394e-07 1.000000e+00 
6.733857e-07 1.000000e+00 
6.793823e-07 1.000000e+00 
6.854299e-07 1.000000e+00 
6.915288e-07 1.000000e+00 
6.976795e-07 1.000000e+00 
7.038824e-07 1.000000e+00 
7.101381e-07 1.000000e+00 
7.164470e-07 1.000000e+00 
7.228096e-07 1.000000e+00 
7.292263e-07 1.000000e+00 
7.356976e-07 1.000000e+00 
7.422240e-07 1.000000e+00 
7.488060e-07 1.000000e+00 
7.554441e-07 1.000000e+00 
7.621388e-07 1.000000e+00 
7.688905e-07 1.000000e+00 
7.756999e-07 1.000000e+00 
7.825673e-07 1.000000e+00 
7.894934e-07 1.000000e+00 
7.964785e-07 1.000000e+00 
8.035234e-07 1.000000e+00 
8.106284e-07 1.000000e+00 
8.177941e-07 1.000000e+00 
8.250210e-07 1.000000e+00 
8.323098e-07 1.000000e+00 
8.396608e-07 1.000000e+00 
8.470748e-07 1.000000e+00 
8.545521e-07 1.000000e+00 
8.620935e-07 1.000000e+00 
8.696994e-07 1.000000e+00 
8.773705e-07 1.000000e+00 
8.851072e-07 1.000000e+00 
8.929102e-07 1.000000e+00 
9.007801e-07 1.000000e+00 
9.087174e-07 1.000000e+00 
9.167227e-07 1.000000e+00 
9.247967e-07 1.000000e+00 
9.329399e-07 1.000000e+00 
9.411530e-07 1.000000e+00 
9.494366e-07 1.000000e+00 
9.577912e-07 1.000000e+00 
9.662175e-07 1.000000e+00 
9.747162e-07 1.000000e+00 
9.832878e-07 1.000000e+00 
9.921390e-07 1.000000e+00 
1.000000e-06 1.000000e+00 
1.001770e-06 1.000000e+00 
1.005311e-06 1.000000e+00 
1.012233e-06 1.000000e+00 
1.026077e-06 1.000000e+00 
1.053766e-06 1.000000e+00 
1.109143e-06 1.000000e+00 
1.219898e-06 1.000000e+00 
1.441408e-06 1.000000e+00 
1.884427e-06 1.000000e+00 
1.903868e-06 1.000000e+00 
1.927255e-06 1.000000e+00 
1.958685e-06 1.000000e+00 
2.000000e-06 1.000000e+00 
2.004628e-06 1.000000e+00 
2.013884e-06 1.000000e+00 
2.030444e-06 1.000000e+00 
2.063564e-06 1.000000e+00 
2.082321e-06 1.000000e+00 
2.100524e-06 1.000000e+00 
2.123976e-06 1.000000e+00 
2.156397e-06 1.000000e+00 
2.183823e-06 1.000000e+00 
2.211294e-06 1.000000e+00 
2.233700e-06 1.000000e+00 
2.251569e-06 1.000000e+00 
2.269336e-06 1.000000e+00 
2.289338e-06 1.000000e+00 
2.311381e-06 1.000000e+00 
2.333294e-06 1.000000e+00 
2.353890e-06 1.000000e+00 
2.373965e-06 1.000000e+00 
2.394617e-06 1.000000e+00 
2.416165e-06 1.000000e+00 
2.438116e-06 1.000000e+00 
2.459914e-06 1.000000e+00 
2.481538e-06 1.000000e+00 
2.503325e-06 1.000000e+00 
2.525510e-06 1.000000e+00 
2.548037e-06 1.000000e+00 
2.570719e-06 1.000000e+00 
2.593471e-06 1.000000e+00 
2.616359e-06 1.000000e+00 
2.639482e-06 1.000000e+00 
2.662866e-06 1.000000e+00 
2.686464e-06 1.000000e+00 
2.710232e-06 1.000000e+00 
2.734172e-06 1.000000e+00 
2.758316e-06 1.000000e+00 
2.782685e-06 1.000000e+00 
2.807274e-06 1.000000e+00 
2.832068e-06 1.000000e+00 
2.857063e-06 1.000000e+00 
2.882267e-06 1.000000e+00 
2.907689e-06 1.000000e+00 
2.933334e-06 1.000000e+00 
2.959198e-06 1.000000e+00 
2.985280e-06 1.000000e+00 
3.011583e-06 1.000000e+00 
3.038110e-06 1.000000e+00 
3.064865e-06 1.000000e+00 
3.091850e-06 1.000000e+00 
3.119065e-06 1.000000e+00 
3.146511e-06 1.000000e+00 
3.174191e-06 1.000000e+00 
3.202109e-06 1.000000e+00 
3.230265e-06 1.000000e+00 
3.258663e-06 1.000000e+00 
3.287303e-06 1.000000e+00 
3.316188e-06 1.000000e+00 
3.345319e-06 1.000000e+00 
3.374700e-06 1.000000e+00 
3.404333e-06 1.000000e+00 
3.434219e-06 1.000000e+00 
3.464361e-06 1.000000e+00 
3.494761e-06 1.000000e+00 
3.525422e-06 1.000000e+00 
3.556345e-06 1.000000e+00 
3.587533e-06 1.000000e+00 
3.618988e-06 1.000000e+00 
3.650712e-06 1.000000e+00 
3.682708e-06 1.000000e+00 
3.714979e-06 1.000000e+00 
3.747526e-06 1.000000e+00 
3.780352e-06 1.000000e+00 
3.813459e-06 1.000000e+00 
3.846851e-06 1.000000e+00 
3.880528e-06 1.000000e+00 
3.914495e-06 1.000000e+00 
3.948752e-06 1.000000e+00 
3.983304e-06 1.000000e+00 
4.018152e-06 1.000000e+00 
4.053299e-06 1.000000e+00 
4.088747e-06 1.000000e+00 
4.124500e-06 1.000000e+00 
4.160560e-06 1.000000e+00 
4.196929e-06 1.000000e+00 
4.233610e-06 1.000000e+00 
4.270606e-06 1.000000e+00 
4.307919e-06 1.000000e+00 
4.345553e-06 1.000000e+00 
4.383511e-06 1.000000e+00 
4.421794e-06 1.000000e+00 
4.460405e-06 1.000000e+00 
4.499349e-06 1.000000e+00 
4.538626e-06 1.000000e+00 
4.578241e-06 1.000000e+00 
4.618197e-06 1.000000e+00 
4.658495e-06 1.000000e+00 
4.699140e-06 1.000000e+00 
4.740134e-06 1.000000e+00 
4.781480e-06 1.000000e+00 
4.823182e-06 1.000000e+00 
4.865241e-06 1.000000e+00 
4.907662e-06 1.000000e+00 
4.950448e-06 1.000000e+00 
4.993601e-06 1.000000e+00 
5.037125e-06 1.000000e+00 
5.081023e-06 1.000000e+00 
5.125298e-06 1.000000e+00 
5.169954e-06 1.000000e+00 
5.214994e-06 1.000000e+00 
5.260420e-06 1.000000e+00 
5.306237e-06 1.000000e+00 
5.352448e-06 1.000000e+00 
5.399056e-06 1.000000e+00 
5.446065e-06 1.000000e+00 
5.493478e-06 1.000000e+00 
5.541298e-06 1.000000e+00 
5.589530e-06 1.000000e+00 
5.638176e-06 1.000000e+00 
5.687240e-06 1.000000e+00 
5.736726e-06 1.000000e+00 
5.786637e-06 1.000000e+00 
5.836977e-06 1.000000e+00 
5.887750e-06 1.000000e+00 
5.938960e-06 1.000000e+00 
5.990609e-06 1.000000e+00 
6.042703e-06 1.000000e+00 
6.095245e-06 1.000000e+00 
6.148238e-06 1.000000e+00 
6.201686e-06 1.000000e+00 
6.255594e-06 1.000000e+00 
6.309966e-06 1.000000e+00 
6.364805e-06 1.000000e+00 
6.420115e-06 1.000000e+00 
6.475901e-06 1.000000e+00 
6.532166e-06 1.000000e+00 
6.588914e-06 1.000000e+00 
6.646151e-06 1.000000e+00 
6.703879e-06 1.000000e+00 
6.762104e-06 1.000000e+00 
6.820829e-06 1.000000e+00 
6.880058e-06 1.000000e+00 
6.939797e-06 1.000000e+00 
7.000049e-06 1.000000e+00 
7.060819e-06 1.000000e+00 
7.122111e-06 1.000000e+00 
7.183929e-06 1.000000e+00 
7.246279e-06 1.000000e+00 
7.309165e-06 1.000000e+00 
7.372590e-06 1.000000e+00 
7.436561e-06 1.000000e+00 
7.501081e-06 1.000000e+00 
7.566156e-06 1.000000e+00 
7.631789e-06 1.000000e+00 
7.697987e-06 1.000000e+00 
7.764753e-06 1.000000e+00 
7.832092e-06 1.000000e+00 
7.900010e-06 1.000000e+00 
7.968511e-06 1.000000e+00 
8.037600e-06 1.000000e+00 
8.107283e-06 1.000000e+00 
8.177564e-06 1.000000e+00 
8.248448e-06 1.000000e+00 
8.319941e-06 1.000000e+00 
8.392048e-06 1.000000e+00 
8.464774e-06 1.000000e+00 
8.538124e-06 1.000000e+00 
8.612104e-06 1.000000e+00 
8.686718e-06 1.000000e+00 
8.761973e-06 1.000000e+00 
8.837874e-06 1.000000e+00 
8.914426e-06 1.000000e+00 
8.991635e-06 1.000000e+00 
9.069507e-06 1.000000e+00 
9.148047e-06 1.000000e+00 
9.227260e-06 1.000000e+00 
9.307153e-06 1.000000e+00 
9.387731e-06 1.000000e+00 
9.469000e-06 1.000000e+00 
9.550967e-06 1.000000e+00 
9.633636e-06 1.000000e+00 
9.717014e-06 1.000000e+00 
9.801107e-06 1.000000e+00 
9.885920e-06 1.000000e+00 
9.971461e-06 1.000000e+00 
1.005774e-05 1.000000e+00 
1.014475e-05 1.000000e+00 
1.023251e-05 1.000000e+00 
1.032102e-05 1.000000e+00 
1.041029e-05 1.000000e+00 
1.050032e-05 1.000000e+00 
1.059113e-05 1.000000e+00 
1.068271e-05 1.000000e+00 
1.077508e-05 1.000000e+00 
1.086824e-05 1.000000e+00 
1.096220e-05 1.000000e+00 
1.105696e-05 1.000000e+00 
1.115253e-05 1.000000e+00 
1.124892e-05 1.000000e+00 
1.134614e-05 1.000000e+00 
1.144419e-05 1.000000e+00 
1.154307e-05 1.000000e+00 
1.164281e-05 1.000000e+00 
1.174339e-05 1.000000e+00 
1.184484e-05 1.000000e+00 
1.194716e-05 1.000000e+00 
1.205035e-05 1.000000e+00 
1.215442e-05 1.000000e+00 
1.225938e-05 1.000000e+00 
1.236524e-05 1.000000e+00 
1.247201e-05 1.000000e+00 
1.257968e-05 1.000000e+00 
1.268828e-05 1.000000e+00 
1.279781e-05 1.000000e+00 
1.290827e-05 1.000000e+00 
1.301967e-05 1.000000e+00 
1.313203e-05 1.000000e+00 
1.324535e-05 1.000000e+00 
1.335963e-05 1.000000e+00 
1.347489e-05 1.000000e+00 
1.359114e-05 1.000000e+00 
1.370837e-05 1.000000e+00 
1.382661e-05 1.000000e+00 
1.394586e-05 1.000000e+00 
1.406612e-05 1.000000e+00 
1.418741e-05 1.000000e+00 
1.430974e-05 1.000000e+00 
1.443310e-05 1.000000e+00 
1.455752e-05 1.000000e+00 
1.468300e-05 1.000000e+00 
1.480955e-05 1.000000e+00 
1.493718e-05 1.000000e+00 
1.506590e-05 1.000000e+00 
1.519571e-05 1.000000e+00 
1.532663e-05 1.000000e+00 
1.545867e-05 1.000000e+00 
1.559183e-05 1.000000e+00 
1.572612e-05 1.000000e+00 
1.586156e-05 1.000000e+00 
1.599815e-05 1.000000e+00 
1.613590e-05 1.000000e+00 
1.627482e-05 1.000000e+00 
1.641493e-05 1.000000e+00 
1.655623e-05 1.000000e+00 
1.669873e-05 1.000000e+00 
1.684244e-05 1.000000e+00 
1.698738e-05 1.000000e+00 
1.713354e-05 1.000000e+00 
1.728095e-05 1.000000e+00 
1.742961e-05 1.000000e+00 
1.757954e-05 1.000000e+00 
1.773073e-05 1.000000e+00 
1.788321e-05 1.000000e+00 
1.803699e-05 1.000000e+00 
1.819207e-05 1.000000e+00 
1.834847e-05 1.000000e+00 
1.850620e-05 1.000000e+00 
1.866526e-05 1.000000e+00 
1.882568e-05 1.000000e+00 
1.898745e-05 1.000000e+00 
1.915060e-05 1.000000e+00 
1.931512e-05 1.000000e+00 
1.948105e-05 1.000000e+00 
1.964838e-05 1.000000e+00 
1.981712e-05 1.000000e+00 
1.998730e-05 1.000000e+00 
2.015892e-05 1.000000e+00 
2.033199e-05 1.000000e+00 
2.050653e-05 1.000000e+00 
2.068254e-05 1.000000e+00 
2.086004e-05 1.000000e+00 
2.103905e-05 1.000000e+00 
2.121957e-05 1.000000e+00 
2.140161e-05 1.000000e+00 
2.158519e-05 1.000000e+00 
2.177033e-05 1.000000e+00 
2.195703e-05 1.000000e+00 
2.214531e-05 1.000000e+00 
2.233517e-05 1.000000e+00 
2.252664e-05 1.000000e+00 
2.271973e-05 1.000000e+00 
2.291445e-05 1.000000e+00 
2.311081e-05 1.000000e+00 
2.330882e-05 1.000000e+00 
2.350851e-05 1.000000e+00 
2.370988e-05 1.000000e+00 
2.391295e-05 1.000000e+00 
2.411772e-05 1.000000e+00 
2.432423e-05 1.000000e+00 
2.453247e-05 1.000000e+00 
2.474247e-05 1.000000e+00 
2.478246e-05 1.000000e+00 
2.486244e-05 1.000000e+00 
2.487153e-05 1.000000e+00 
2.488971e-05 1.000000e+00 
2.492607e-05 1.000000e+00 
2.497671e-05 1.000000e+00 
2.498141e-05 1.000000e+00 
2.499081e-05 1.000000e+00 
2.499108e-05 1.000000e+00 
2.499162e-05 1.000000e+00 
2.499197e-05 1.000000e+00 
2.499234e-05 1.000000e+00 
2.499272e-05 1.000000e+00 
2.499307e-05 1.000000e+00 
2.499360e-05 1.000000e+00 
2.499426e-05 1.000000e+00 
2.499534e-05 1.000000e+00 
2.499719e-05 1.000000e+00 
2.500058e-05 1.000000e+00 
2.500060e-05 1.000000e+00 
2.500060e-05 1.000000e+00 
2.500061e-05 1.000000e+00 
2.500062e-05 1.000000e+00 
2.500062e-05 1.000000e+00 
2.500062e-05 1.000000e+00 
2.500062e-05 1.000000e+00 
2.500062e-05 1.000000e+00 
2.500062e-05 1.000000e+00 
2.500062e-05 1.000000e+00 
2.500062e-05 1.000000e+00 
2.500062e-05 1.000000e+00 
2.500062e-05 1.000000e+00 
2.500062e-05 1.000000e+00 
2.500062e-05 1.000000e+00 
2.500062e-05 1.000000e+00 
2.500062e-05 1.000000e+00 
2.500062e-05 1.000000e+00 
2.500062e-05 1.000000e+00 
2.500062e-05 1.000000e+00 
2.500062e-05 1.000000e+00 
2.500062e-05 1.000000e+00 
2.500062e-05 1.000000e+00 
2.500062e-05 1.000000e+00 
2.500062e-05 1.000000e+00 
2.500062e-05 1.000000e+00 
2.500062e-05 1.000000e+00 
2.500062e-05 1.000000e+00 
2.500062e-05 1.000000e+00 
2.500062e-05 1.000000e+00 
2.500062e-05 0.000000e+00 
2.500062e-05 0.000000e+00 
2.500062e-05 0.000000e+00 
2.500062e-05 0.000000e+00 
2.500062e-05 0.000000e+00 
2.500062e-05 0.000000e+00 
2.500062e-05 0.000000e+00 
2.500062e-05 0.000000e+00 
2.500062e-05 0.000000e+00 
2.500062e-05 0.000000e+00 
2.500062e-05 0.000000e+00 
2.500063e-05 0.000000e+00 
2.500063e-05 0.000000e+00 
2.500063e-05 0.000000e+00 
2.500063e-05 0.000000e+00 
2.500063e-05 0.000000e+00 
2.500063e-05 0.000000e+00 
2.500063e-05 0.000000e+00 
2.500063e-05 0.000000e+00 
2.500063e-05 0.000000e+00 
2.500063e-05 0.000000e+00 
2.500063e-05 0.000000e+00 
2.500063e-05 0.000000e+00 
2.500063e-05 0.000000e+00 
2.500063e-05 0.000000e+00 
2.500063e-05 0.000000e+00 
2.500063e-05 0.000000e+00 
2.500063e-05 0.000000e+00 
2.500063e-05 0.000000e+00 
2.500063e-05 0.000000e+00 
2.500063e-05 0.000000e+00 
2.500063e-05 0.000000e+00 
2.500063e-05 0.000000e+00 
2.500063e-05 0.000000e+00 
2.500063e-05 0.000000e+00 
2.500063e-05 0.000000e+00 
2.500063e-05 0.000000e+00 
2.500063e-05 0.000000e+00 
2.500063e-05 0.000000e+00 
2.500063e-05 0.000000e+00 
2.500063e-05 0.000000e+00 
2.500063e-05 0.000000e+00 
2.500063e-05 0.000000e+00 
2.500063e-05 0.000000e+00 
2.500063e-05 0.000000e+00 
2.500063e-05 0.000000e+00 
2.500063e-05 0.000000e+00 
2.500063e-05 0.000000e+00 
2.500063e-05 0.000000e+00 
2.500063e-05 0.000000e+00 
2.500063e-05 0.000000e+00 
2.500063e-05 0.000000e+00 
2.500063e-05 0.000000e+00 
2.500063e-05 0.000000e+00 
2.500063e-05 0.000000e+00 
2.500063e-05 0.000000e+00 
2.500063e-05 0.000000e+00 
2.500063e-05 0.000000e+00 
2.500063e-05 0.000000e+00 
2.500063e-05 0.000000e+00 
2.500063e-05 0.000000e+00 
2.500063e-05 0.000000e+00 
2.500063e-05 0.000000e+00 
2.500063e-05 0.000000e+00 
2.500063e-05 0.000000e+00 
2.500063e-05 0.000000e+00 
2.500063e-05 0.000000e+00 
2.500063e-05 0.000000e+00 
2.500063e-05 0.000000e+00 
2.500063e-05 0.000000e+00 
2.500063e-05 0.000000e+00 
2.500063e-05 0.000000e+00 
2.500063e-05 0.000000e+00 
2.500063e-05 0.000000e+00 
2.500063e-05 0.000000e+00 
2.500063e-05 0.000000e+00 
2.500063e-05 0.000000e+00 
2.500063e-05 0.000000e+00 
2.500063e-05 0.000000e+00 
2.500063e-05 0.000000e+00 
2.500063e-05 0.000000e+00 
2.500063e-05 0.000000e+00 
2.500063e-05 0.000000e+00 
2.500063e-05 0.000000e+00 
2.500063e-05 0.000000e+00 
2.500063e-05 0.000000e+00 
2.500063e-05 0.000000e+00 
2.500063e-05 0.000000e+00 
2.500063e-05 0.000000e+00 
2.500063e-05 0.000000e+00 
2.500063e-05 0.000000e+00 
2.500063e-05 0.000000e+00 
2.500063e-05 0.000000e+00 
2.500063e-05 0.000000e+00 
2.500063e-05 0.000000e+00 
2.500063e-05 0.000000e+00 
2.500063e-05 0.000000e+00 
2.500063e-05 0.000000e+00 
2.500063e-05 0.000000e+00 
2.500063e-05 0.000000e+00 
2.500063e-05 0.000000e+00 
2.500063e-05 0.000000e+00 
2.500063e-05 0.000000e+00 
2.500063e-05 0.000000e+00 
2.500063e-05 0.000000e+00 
2.500063e-05 0.000000e+00 
2.500063e-05 0.000000e+00 
2.500063e-05 0.000000e+00 
2.500063e-05 0.000000e+00 
2.500063e-05 0.000000e+00 
2.500063e-05 0.000000e+00 
2.500063e-05 0.000000e+00 
2.500063e-05 0.000000e+00 
2.500063e-05 0.000000e+00 
2.500063e-05 0.000000e+00 
2.500063e-05 0.000000e+00 
2.500063e-05 0.000000e+00 
2.500063e-05 0.000000e+00 
2.500063e-05 0.000000e+00 
2.500063e-05 0.000000e+00 
2.500063e-05 0.000000e+00 
2.500063e-05 0.000000e+00 
2.500063e-05 0.000000e+00 
2.500063e-05 0.000000e+00 
2.500063e-05 0.000000e+00 
2.500063e-05 0.000000e+00 
2.500063e-05 0.000000e+00 
2.500063e-05 0.000000e+00 
2.500063e-05 0.000000e+00 
2.500063e-05 0.000000e+00 
2.500063e-05 0.000000e+00 
2.500063e-05 0.000000e+00 
2.500063e-05 0.000000e+00 
2.500063e-05 0.000000e+00 
2.500063e-05 0.000000e+00 
2.500063e-05 0.000000e+00 
2.500063e-05 0.000000e+00 
2.500063e-05 0.000000e+00 
2.500064e-05 0.000000e+00 
2.500064e-05 0.000000e+00 
2.500065e-05 0.000000e+00 
2.500067e-05 0.000000e+00 
2.500071e-05 0.000000e+00 
2.500078e-05 0.000000e+00 
2.500093e-05 0.000000e+00 
2.500123e-05 0.000000e+00 
2.500182e-05 0.000000e+00 
2.500301e-05 0.000000e+00 
2.500539e-05 0.000000e+00 
2.501015e-05 0.000000e+00 
2.501968e-05 0.000000e+00 
2.503872e-05 0.000000e+00 
2.507681e-05 0.000000e+00 
2.515298e-05 0.000000e+00 
2.530533e-05 0.000000e+00 
2.561002e-05 0.000000e+00 
2.621941e-05 0.000000e+00 
2.644515e-05 0.000000e+00 
2.667293e-05 0.000000e+00 
2.696176e-05 0.000000e+00 
2.739964e-05 0.000000e+00 
2.770145e-05 0.000000e+00 
2.798101e-05 0.000000e+00 
2.824483e-05 0.000000e+00 
2.847712e-05 0.000000e+00 
2.870238e-05 0.000000e+00 
2.894136e-05 0.000000e+00 
2.919684e-05 0.000000e+00 
2.945620e-05 0.000000e+00 
2.970883e-05 0.000000e+00 
2.995700e-05 0.000000e+00 
3.020836e-05 0.000000e+00 
3.046668e-05 0.000000e+00 
3.072972e-05 0.000000e+00 
3.099345e-05 0.000000e+00 
3.125674e-05 0.000000e+00 
3.152147e-05 0.000000e+00 
3.178959e-05 0.000000e+00 
3.206119e-05 0.000000e+00 
3.233515e-05 0.000000e+00 
3.261062e-05 0.000000e+00 
3.288784e-05 0.000000e+00 
3.316750e-05 0.000000e+00 
3.344992e-05 0.000000e+00 
3.373489e-05 0.000000e+00 
3.402210e-05 0.000000e+00 
3.431146e-05 0.000000e+00 
3.460318e-05 0.000000e+00 
3.489743e-05 0.000000e+00 
3.519423e-05 0.000000e+00 
3.549350e-05 0.000000e+00 
3.579519e-05 0.000000e+00 
3.609933e-05 0.000000e+00 
3.640601e-05 0.000000e+00 
3.671528e-05 0.000000e+00 
3.702712e-05 0.000000e+00 
3.734154e-05 0.000000e+00 
3.765854e-05 0.000000e+00 
3.797816e-05 0.000000e+00 
3.830044e-05 0.000000e+00 
3.862539e-05 0.000000e+00 
3.895303e-05 0.000000e+00 
3.928338e-05 0.000000e+00 
3.961645e-05 0.000000e+00 
3.995227e-05 0.000000e+00 
4.029087e-05 0.000000e+00 
4.063227e-05 0.000000e+00 
4.097648e-05 0.000000e+00 
4.132353e-05 0.000000e+00 
4.167344e-05 0.000000e+00 
4.202624e-05 0.000000e+00 
4.238194e-05 0.000000e+00 
4.274057e-05 0.000000e+00 
4.310215e-05 0.000000e+00 
4.346670e-05 0.000000e+00 
4.383426e-05 0.000000e+00 
4.420483e-05 0.000000e+00 
4.457845e-05 0.000000e+00 
4.495513e-05 0.000000e+00 
4.533491e-05 0.000000e+00 
4.571780e-05 0.000000e+00 
4.610384e-05 0.000000e+00 
4.649303e-05 0.000000e+00 
4.688542e-05 0.000000e+00 
4.728101e-05 0.000000e+00 
4.767985e-05 0.000000e+00 
4.808194e-05 0.000000e+00 
4.848733e-05 0.000000e+00 
4.889602e-05 0.000000e+00 
4.930806e-05 0.000000e+00 
4.980628e-05 0.000000e+00 
5.000000e-05 0.000000e+00 
5.009074e-05 0.000000e+00 
5.027222e-05 0.000000e+00 
5.059701e-05 0.000000e+00 
5.124660e-05 0.000000e+00 
5.168474e-05 0.000000e+00 
5.211375e-05 0.000000e+00 
5.259178e-05 0.000000e+00 
5.306694e-05 0.000000e+00 
5.350957e-05 0.000000e+00 
5.393867e-05 0.000000e+00 
5.438070e-05 0.000000e+00 
5.484363e-05 0.000000e+00 
5.531590e-05 0.000000e+00 
5.578394e-05 0.000000e+00 
5.624707e-05 0.000000e+00 
5.671334e-05 0.000000e+00 
5.718842e-05 0.000000e+00 
5.767112e-05 0.000000e+00 
5.815692e-05 0.000000e+00 
5.864370e-05 0.000000e+00 
5.913298e-05 0.000000e+00 
5.962715e-05 0.000000e+00 
6.012683e-05 0.000000e+00 
6.063095e-05 0.000000e+00 
6.114223e-05 0.000000e+00 
6.166634e-05 0.000000e+00 
6.221174e-05 0.000000e+00 
6.279167e-05 0.000000e+00 
6.343198e-05 0.000000e+00 
6.421011e-05 0.000000e+00 
6.521011e-05 0.000000e+00 
6.621011e-05 0.000000e+00 
6.721011e-05 0.000000e+00 
6.821011e-05 0.000000e+00 
6.921011e-05 0.000000e+00 
7.021011e-05 0.000000e+00 
7.121011e-05 0.000000e+00 
7.221011e-05 0.000000e+00 
7.321011e-05 0.000000e+00 
7.421011e-05 0.000000e+00 
7.521011e-05 0.000000e+00 
7.621011e-05 0.000000e+00 
7.721011e-05 0.000000e+00 
7.821011e-05 0.000000e+00 
7.921011e-05 0.000000e+00 
8.021011e-05 0.000000e+00 
8.121011e-05 0.000000e+00 
8.221011e-05 0.000000e+00 
8.321011e-05 0.000000e+00 
8.421011e-05 0.000000e+00 
8.521011e-05 0.000000e+00 
8.621011e-05 0.000000e+00 
8.721011e-05 0.000000e+00 
8.821011e-05 0.000000e+00 
8.921011e-05 0.000000e+00 
9.021011e-05 0.000000e+00 
9.121011e-05 0.000000e+00 
9.221011e-05 0.000000e+00 
9.321011e-05 0.000000e+00 
9.421011e-05 0.000000e+00 
9.521011e-05 0.000000e+00 
9.621011e-05 0.000000e+00 
9.721011e-05 0.000000e+00 
9.821011e-05 0.000000e+00 
9.921011e-05 0.000000e+00 
9.922213e-05 0.000000e+00 
9.924615e-05 0.000000e+00 
9.929421e-05 0.000000e+00 
9.939032e-05 0.000000e+00 
9.958253e-05 0.000000e+00 
9.996696e-05 0.000000e+00 
9.997307e-05 0.000000e+00 
9.998529e-05 0.000000e+00 
9.998548e-05 0.000000e+00 
9.998587e-05 0.000000e+00 
9.998665e-05 0.000000e+00 
9.998820e-05 0.000000e+00 
9.999131e-05 0.000000e+00 
9.999752e-05 0.000000e+00 
9.999762e-05 0.000000e+00 
9.999782e-05 0.000000e+00 
9.999821e-05 0.000000e+00 
9.999900e-05 0.000000e+00 
9.999901e-05 0.000000e+00 
9.999904e-05 0.000000e+00 
9.999909e-05 0.000000e+00 
9.999919e-05 0.000000e+00 
9.999939e-05 0.000000e+00 
9.999979e-05 0.000000e+00 
9.999980e-05 0.000000e+00 
9.999981e-05 0.000000e+00 
9.999984e-05 0.000000e+00 
9.999989e-05 0.000000e+00 
9.999999e-05 0.000000e+00 
9.999999e-05 0.000000e+00 
9.999999e-05 0.000000e+00 
9.999999e-05 0.000000e+00 
1.000000e-04 0.000000e+00 
1.000000e-04 0.000000e+00 
1.000000e-04 0.000000e+00 
1.000000e-04 0.000000e+00 
1.000000e-04 0.000000e+00 
1.000000e-04 0.000000e+00 
1.000000e-04 0.000000e+00 
1.000000e-04 0.000000e+00 
1.000000e-04 0.000000e+00 
1.000000e-04 0.000000e+00 
1.000000e-04 0.000000e+00 
1.000000e-04 0.000000e+00 
1.000000e-04 0.000000e+00 
1.000000e-04 0.000000e+00 
1.000000e-04 0.000000e+00 
1.000000e-04 0.000000e+00 
1.000000e-04 0.000000e+00 
1.000000e-04 0.000000e+00 
1.000000e-04 0.000000e+00 
1.000000e-04 0.000000e+00 
1.000000e-04 0.000000e+00 
1.000000e-04 0.000000e+00 
1.000000e-04 0.000000e+00 
1.000000e-04 0.000000e+00 
1.000000e-04 0.000000e+00 
1.000000e-04 0.000000e+00 
1.000000e-04 0.000000e+00 
1.000000e-04 0.000000e+00 
1.000000e-04 1.000000e+00 
1.000000e-04 1.000000e+00 
