1.000000e-08 2.773239e-10 
1.000012e-08 2.773250e-10 
1.000036e-08 2.773256e-10 
1.000084e-08 2.773253e-10 
1.000180e-08 2.773255e-10 
1.000372e-08 2.773253e-10 
1.000756e-08 2.773255e-10 
1.001524e-08 2.773253e-10 
1.003060e-08 2.773255e-10 
1.006132e-08 2.773253e-10 
1.012276e-08 2.773255e-10 
1.024564e-08 2.773253e-10 
1.049140e-08 2.773255e-10 
1.098292e-08 2.773254e-10 
1.196596e-08 2.773257e-10 
1.212611e-08 2.773256e-10 
1.229607e-08 2.773258e-10 
1.247281e-08 2.773256e-10 
1.261477e-08 2.773258e-10 
1.273894e-08 2.773257e-10 
1.286848e-08 2.773259e-10 
1.300012e-08 2.773257e-10 
1.300318e-08 1.397904e-10 
1.300929e-08 4.110394e-10 
1.302152e-08 1.451565e-10 
1.304598e-08 4.084344e-10 
1.309489e-08 1.465219e-10 
1.319271e-08 4.077723e-10 
1.338836e-08 1.468528e-10 
1.377966e-08 4.100620e-10 
1.379652e-08 1.458932e-10 
1.383025e-08 4.081118e-10 
1.387061e-08 1.470782e-10 
1.390849e-08 4.070028e-10 
1.394463e-08 1.482447e-10 
1.401692e-08 4.061104e-10 
1.403560e-08 1.496835e-10 
1.406751e-08 4.043047e-10 
1.413135e-08 1.506778e-10 
1.425901e-08 4.038092e-10 
1.451434e-08 1.509252e-10 
1.502500e-08 4.036857e-10 
1.604633e-08 1.509873e-10 
1.808898e-08 4.036555e-10 
2.217427e-08 1.510040e-10 
3.034486e-08 4.036511e-10 
4.668604e-08 1.510173e-10 
7.936840e-08 4.036787e-10 
1.447331e-07 1.511205e-10 
2.754626e-07 4.040559e-10 
2.802555e-07 1.514913e-10 
2.853853e-07 4.040797e-10 
2.913556e-07 1.515357e-10 
2.961584e-07 4.041081e-10 
3.010458e-07 1.515776e-10 
3.071540e-07 4.041387e-10 
3.131207e-07 1.516276e-10 
3.189218e-07 4.041742e-10 
3.219576e-07 1.516707e-10 
3.247483e-07 4.041815e-10 
3.280757e-07 1.517076e-10 
3.323707e-07 4.041993e-10 
3.362823e-07 1.517495e-10 
3.409791e-07 4.042230e-10 
3.467521e-07 1.517990e-10 
3.506322e-07 4.042527e-10 
3.552905e-07 1.518437e-10 
3.596703e-07 4.042806e-10 
3.640066e-07 1.518897e-10 
3.674031e-07 4.043022e-10 
3.704384e-07 1.519302e-10 
3.736747e-07 4.043157e-10 
3.773025e-07 1.519723e-10 
3.811066e-07 4.043369e-10 
3.847626e-07 1.520165e-10 
3.882490e-07 4.043570e-10 
3.917441e-07 1.520600e-10 
3.953733e-07 4.043775e-10 
3.991183e-07 1.521053e-10 
4.028800e-07 4.044011e-10 
4.066069e-07 1.521515e-10 
4.103313e-07 4.044250e-10 
4.141051e-07 1.521985e-10 
4.179435e-07 4.044505e-10 
4.218234e-07 1.522468e-10 
4.257198e-07 4.044778e-10 
4.296318e-07 1.522962e-10 
4.335750e-07 4.045062e-10 
4.375603e-07 1.523467e-10 
4.415855e-07 4.045365e-10 
4.456422e-07 1.523986e-10 
4.497268e-07 4.045683e-10 
4.538424e-07 1.524517e-10 
4.579939e-07 4.046017e-10 
4.621826e-07 1.525062e-10 
4.664067e-07 4.046369e-10 
4.706643e-07 1.525620e-10 
4.749559e-07 4.046738e-10 
4.792830e-07 1.526194e-10 
4.836469e-07 4.047125e-10 
4.880477e-07 1.526783e-10 
4.924849e-07 4.047531e-10 
4.969584e-07 1.527388e-10 
5.014691e-07 4.047957e-10 
5.060174e-07 1.528009e-10 
5.106040e-07 4.048403e-10 
5.152288e-07 1.528647e-10 
5.198922e-07 4.048869e-10 
5.245944e-07 1.529304e-10 
5.293359e-07 4.049356e-10 
5.341172e-07 1.529979e-10 
5.389385e-07 4.049866e-10 
5.438002e-07 1.530674e-10 
5.487026e-07 4.050398e-10 
5.536461e-07 1.531388e-10 
5.586311e-07 4.050953e-10 
5.636580e-07 1.532124e-10 
5.687271e-07 4.051533e-10 
5.738389e-07 1.532881e-10 
5.789936e-07 4.052137e-10 
5.841917e-07 1.533661e-10 
5.894336e-07 4.052767e-10 
5.947197e-07 1.534465e-10 
6.000503e-07 4.053424e-10 
6.054259e-07 1.535293e-10 
6.108468e-07 4.054109e-10 
6.163135e-07 1.536146e-10 
6.218264e-07 4.054822e-10 
6.273858e-07 1.537025e-10 
6.329923e-07 4.055564e-10 
6.386462e-07 1.537932e-10 
6.443479e-07 4.056336e-10 
6.500979e-07 1.538868e-10 
6.558966e-07 4.057140e-10 
6.617445e-07 1.539833e-10 
6.676419e-07 4.057977e-10 
6.735893e-07 1.540828e-10 
6.795872e-07 4.058847e-10 
6.856360e-07 1.541855e-10 
6.917362e-07 4.059752e-10 
6.978882e-07 1.542915e-10 
7.040925e-07 4.060692e-10 
7.103495e-07 1.544010e-10 
7.166597e-07 4.061670e-10 
7.230236e-07 1.545140e-10 
7.294416e-07 4.062686e-10 
7.359143e-07 1.546307e-10 
7.424421e-07 4.063742e-10 
7.490255e-07 1.547512e-10 
7.556650e-07 4.064839e-10 
7.623612e-07 1.548756e-10 
7.691144e-07 4.065979e-10 
7.759252e-07 1.550042e-10 
7.827941e-07 4.067162e-10 
7.897217e-07 1.551371e-10 
7.967084e-07 4.068392e-10 
8.037547e-07 1.552744e-10 
8.108613e-07 4.069668e-10 
8.180286e-07 1.554163e-10 
8.252571e-07 4.070993e-10 
8.325475e-07 1.555630e-10 
8.399002e-07 4.072369e-10 
8.473158e-07 1.557146e-10 
8.547948e-07 4.073797e-10 
8.623378e-07 1.558714e-10 
8.699455e-07 4.075280e-10 
8.776182e-07 1.560335e-10 
8.853567e-07 4.076818e-10 
8.931615e-07 1.562011e-10 
9.010331e-07 4.078415e-10 
9.089722e-07 1.563745e-10 
9.169794e-07 4.080072e-10 
9.250552e-07 1.565538e-10 
9.332003e-07 4.081791e-10 
9.414152e-07 1.567393e-10 
9.497007e-07 4.083575e-10 
9.580572e-07 1.569312e-10 
9.664855e-07 4.085426e-10 
9.749861e-07 1.571298e-10 
9.835597e-07 4.087347e-10 
9.925544e-07 1.573392e-10 
1.000000e-06 4.089226e-10 
1.001799e-06 2.831900e-10 
1.005397e-06 2.832482e-10 
1.012255e-06 2.833147e-10 
1.025970e-06 2.834957e-10 
1.053401e-06 2.838179e-10 
1.108263e-06 2.845350e-10 
1.217987e-06 2.860296e-10 
1.437434e-06 2.894993e-10 
1.876330e-06 2.982060e-10 
1.895410e-06 2.994051e-10 
1.918504e-06 2.992158e-10 
1.949766e-06 3.007263e-10 
1.995455e-06 3.011245e-10 
2.000000e-06 3.019929e-10 
2.001437e-06 3.016349e-10 
2.004310e-06 3.017449e-10 
2.010056e-06 3.018553e-10 
2.021548e-06 3.021874e-10 
2.044532e-06 3.027475e-10 
2.090501e-06 3.040001e-10 
2.182438e-06 3.064876e-10 
2.366312e-06 3.119501e-10 
2.734061e-06 3.243580e-10 
3.469558e-06 3.564243e-10 
3.524737e-06 3.624820e-10 
3.577858e-06 3.623331e-10 
3.633681e-06 3.685706e-10 
3.669102e-06 3.675409e-10 
3.702790e-06 3.725872e-10 
3.740233e-06 3.717393e-10 
3.776200e-06 3.769875e-10 
3.809082e-06 3.759298e-10 
3.841286e-06 3.810068e-10 
3.875011e-06 3.800591e-10 
3.910527e-06 3.854067e-10 
3.946513e-06 3.846713e-10 
3.981892e-06 3.900802e-10 
4.016889e-06 3.893500e-10 
4.052298e-06 3.948313e-10 
4.088510e-06 3.942562e-10 
4.125290e-06 3.999081e-10 
4.162221e-06 3.994626e-10 
4.199192e-06 4.052094e-10 
4.236398e-06 4.048667e-10 
4.274039e-06 4.107478e-10 
4.312127e-06 4.105590e-10 
4.350543e-06 4.165900e-10 
4.389205e-06 4.165395e-10 
4.428137e-06 4.227076e-10 
4.467412e-06 4.228054e-10 
4.507062e-06 4.291343e-10 
4.547069e-06 4.293986e-10 
4.587399e-06 4.358937e-10 
4.628047e-06 4.363255e-10 
4.669033e-06 4.429939e-10 
4.710376e-06 4.436072e-10 
4.752081e-06 4.504640e-10 
4.794139e-06 4.512705e-10 
4.836546e-06 4.583248e-10 
4.879308e-06 4.593344e-10 
4.922433e-06 4.665988e-10 
4.965928e-06 4.678260e-10 
5.009793e-06 4.753146e-10 
5.054029e-06 4.767726e-10 
5.098639e-06 4.844990e-10 
5.143626e-06 4.862024e-10 
5.188996e-06 4.941822e-10 
5.234752e-06 4.961474e-10 
5.280897e-06 5.043973e-10 
5.327433e-06 5.066412e-10 
5.374364e-06 5.151787e-10 
5.421694e-06 5.177198e-10 
5.469426e-06 5.265643e-10 
5.517565e-06 5.294227e-10 
5.566112e-06 5.385949e-10 
5.615073e-06 5.417920e-10 
5.664449e-06 5.513142e-10 
5.714246e-06 5.548731e-10 
5.764466e-06 5.647695e-10 
5.815114e-06 5.687155e-10 
5.866193e-06 5.790122e-10 
5.917707e-06 5.833724e-10 
5.969659e-06 5.940975e-10 
6.022054e-06 5.989012e-10 
6.074895e-06 6.100854e-10 
6.128186e-06 6.153645e-10 
6.181932e-06 6.270409e-10 
6.236135e-06 6.328298e-10 
6.290800e-06 6.450342e-10 
6.345931e-06 6.513704e-10 
6.401532e-06 6.641419e-10 
6.457607e-06 6.710659e-10 
6.514160e-06 6.844468e-10 
6.571196e-06 6.920028e-10 
6.628717e-06 7.060391e-10 
6.686730e-06 7.142751e-10 
6.745237e-06 7.290170e-10 
6.804244e-06 7.379852e-10 
6.863753e-06 7.534871e-10 
6.923771e-06 7.632445e-10 
6.984301e-06 7.795658e-10 
7.045347e-06 7.901745e-10 
7.106915e-06 8.073801e-10 
7.169008e-06 8.189078e-10 
7.231631e-06 8.370685e-10 
7.294788e-06 8.495892e-10 
7.358485e-06 8.687824e-10 
7.422726e-06 8.823769e-10 
7.487515e-06 9.026873e-10 
7.552858e-06 9.174444e-10 
7.618758e-06 9.389645e-10 
7.685221e-06 9.549811e-10 
7.752252e-06 9.778126e-10 
7.819856e-06 9.951821e-10 
7.888037e-06 1.019419e-09 
7.956800e-06 1.038273e-09 
8.026151e-06 1.064058e-09 
8.096094e-06 1.084526e-09 
8.166634e-06 1.111992e-09 
8.237777e-06 1.134214e-09 
8.309528e-06 1.163511e-09 
8.381892e-06 1.187642e-09 
8.454874e-06 1.218931e-09 
8.528480e-06 1.245143e-09 
8.602715e-06 1.278604e-09 
8.677584e-06 1.307084e-09 
8.753092e-06 1.342916e-09 
8.829246e-06 1.373874e-09 
8.906050e-06 1.412295e-09 
8.983511e-06 1.445960e-09 
9.061633e-06 1.487213e-09 
9.140423e-06 1.523842e-09 
9.219886e-06 1.568195e-09 
9.300028e-06 1.608069e-09 
9.380855e-06 1.655820e-09 
9.462372e-06 1.699253e-09 
9.544586e-06 1.750732e-09 
9.627502e-06 1.798072e-09 
9.711127e-06 1.853647e-09 
9.795465e-06 1.905282e-09 
9.880525e-06 1.965361e-09 
9.966311e-06 2.021721e-09 
1.005283e-05 2.086759e-09 
1.014009e-05 2.148325e-09 
1.022809e-05 2.218830e-09 
1.031685e-05 2.286138e-09 
1.040636e-05 2.362675e-09 
1.049664e-05 2.436324e-09 
1.058769e-05 2.519528e-09 
1.067951e-05 2.600188e-09 
1.077212e-05 2.690767e-09 
1.086552e-05 2.779188e-09 
1.095972e-05 2.877938e-09 
1.105472e-05 2.974962e-09 
1.115054e-05 3.082773e-09 
1.124717e-05 3.189346e-09 
1.134463e-05 3.307221e-09 
1.144292e-05 3.424405e-09 
1.154204e-05 3.553471e-09 
1.164202e-05 3.682463e-09 
1.174285e-05 3.823991e-09 
1.184453e-05 3.966140e-09 
1.194709e-05 4.121565e-09 
1.205052e-05 4.278394e-09 
1.215483e-05 4.449334e-09 
1.226003e-05 4.622568e-09 
1.236613e-05 4.810855e-09 
1.247314e-05 5.002443e-09 
1.258106e-05 5.210157e-09 
1.268989e-05 5.422311e-09 
1.279966e-05 5.651807e-09 
1.291036e-05 5.887040e-09 
1.302201e-05 6.140996e-09 
1.313461e-05 6.402166e-09 
1.324816e-05 6.683633e-09 
1.336269e-05 6.973993e-09 
1.347819e-05 7.286446e-09 
1.359468e-05 7.609712e-09 
1.371215e-05 7.957120e-09 
1.383063e-05 8.317534e-09 
1.395012e-05 8.704435e-09 
1.407063e-05 9.106854e-09 
1.419216e-05 9.538449e-09 
1.431473e-05 9.988440e-09 
1.443834e-05 1.047069e-08 
1.456300e-05 1.097465e-08 
1.468873e-05 1.151442e-08 
1.481552e-05 1.207969e-08 
1.494340e-05 1.268486e-08 
1.507236e-05 1.331993e-08 
1.520242e-05 1.399961e-08 
1.533358e-05 1.471425e-08 
1.546586e-05 1.547894e-08 
1.559927e-05 1.628445e-08 
1.573381e-05 1.714633e-08 
1.586949e-05 1.805581e-08 
1.600633e-05 1.902897e-08 
1.614433e-05 2.005763e-08 
1.628351e-05 2.115845e-08 
1.642386e-05 2.232394e-08 
1.656541e-05 2.357148e-08 
1.670816e-05 2.489437e-08 
1.685213e-05 2.631086e-08 
1.699732e-05 2.781516e-08 
1.714373e-05 2.942653e-08 
1.729140e-05 3.114031e-08 
1.744031e-05 3.297694e-08 
1.759049e-05 3.493307e-08 
1.774195e-05 3.703058e-08 
1.789468e-05 3.926765e-08 
1.804872e-05 4.166787e-08 
1.820406e-05 4.423127e-08 
1.836072e-05 4.698345e-08 
1.851870e-05 4.992667e-08 
1.867803e-05 5.308894e-08 
1.883870e-05 5.647515e-08 
1.900074e-05 6.011621e-08 
1.916415e-05 6.402018e-08 
1.932894e-05 6.822142e-08 
1.949513e-05 7.273182e-08 
1.966272e-05 7.758991e-08 
1.983174e-05 8.281214e-08 
2.000218e-05 8.844207e-08 
2.017407e-05 9.450170e-08 
2.034741e-05 1.010406e-07 
2.052222e-05 1.080876e-07 
2.069850e-05 1.156995e-07 
2.087628e-05 1.239132e-07 
2.105556e-05 1.327945e-07 
2.123635e-05 1.423901e-07 
2.141867e-05 1.527767e-07 
2.160253e-05 1.640130e-07 
2.178795e-05 1.761889e-07 
2.197493e-05 1.893777e-07 
2.216348e-05 2.036855e-07 
2.235363e-05 2.192035e-07 
2.254539e-05 2.360577e-07 
2.273876e-05 2.543613e-07 
2.293376e-05 2.742646e-07 
2.313041e-05 2.959078e-07 
2.332871e-05 3.194712e-07 
2.352869e-05 3.451284e-07 
2.373035e-05 3.730967e-07 
2.393371e-05 4.035910e-07 
2.413878e-05 4.368745e-07 
2.434558e-05 4.732131e-07 
2.455412e-05 5.129270e-07 
2.476441e-05 5.563456e-07 
2.497648e-05 6.038601e-07 
2.519032e-05 6.558791e-07 
2.540597e-05 7.128822e-07 
2.544254e-05 7.235541e-07 
2.551567e-05 7.441282e-07 
2.552272e-05 7.036993e-07 
2.553682e-05 8.134310e-07 
2.555470e-05 6.934171e-07 
2.557085e-05 8.211566e-07 
2.560313e-05 7.094068e-07 
2.560523e-05 8.225201e-07 
2.560944e-05 7.232293e-07 
2.561784e-05 8.208388e-07 
2.563016e-05 7.323447e-07 
2.563069e-05 7.694815e-07 
2.563176e-05 8.035787e-07 
2.563178e-05 4.240455e-07 
2.563182e-05 9.081596e-07 
2.563191e-05 8.174244e-07 
2.563191e-05 7.366336e-07 
2.563191e-05 8.174952e-07 
2.563192e-05 8.148639e-07 
2.563193e-05 8.101158e-07 
2.563195e-05 8.023628e-07 
2.563199e-05 7.919302e-07 
2.563199e-05 7.697809e-07 
2.563199e-05 7.918658e-07 
2.563200e-05 7.913939e-07 
2.563200e-05 7.904990e-07 
2.563201e-05 7.888887e-07 
2.563204e-05 7.862741e-07 
2.563204e-05 7.858670e-07 
2.563204e-05 7.861702e-07 
2.563204e-05 7.860304e-07 
2.563204e-05 7.857583e-07 
2.563205e-05 7.852430e-07 
2.563205e-05 -1.605084e-07 
2.563205e-05 7.867100e-07 
2.563205e-05 7.867579e-07 
2.563205e-05 7.867500e-07 
2.563205e-05 7.865972e-07 
2.563205e-05 1.303308e-07 
2.563205e-05 7.868056e-07 
2.563205e-05 7.868373e-07 
2.563205e-05 7.868508e-07 
2.563205e-05 7.868112e-07 
2.563205e-05 7.867326e-07 
2.563205e-05 7.289296e-07 
2.563205e-05 7.867413e-07 
2.563205e-05 7.867367e-07 
2.563205e-05 7.867270e-07 
2.563205e-05 7.867072e-07 
2.563205e-05 7.866677e-07 
2.563205e-05 7.754916e-07 
2.563205e-05 7.848873e-07 
2.563205e-05 7.866673e-07 
2.563205e-05 7.852834e-07 
2.563205e-05 7.866673e-07 
2.563205e-05 7.866673e-07 
2.563205e-05 7.866672e-07 
2.563205e-05 7.852981e-07 
2.563205e-05 7.866672e-07 
2.563205e-05 7.866672e-07 
2.563205e-05 7.866671e-07 
2.563205e-05 7.853034e-07 
2.563205e-05 7.866671e-07 
2.563205e-05 7.853150e-07 
2.563205e-05 7.866671e-07 
2.563205e-05 7.866671e-07 
2.563205e-05 -6.714935e+01 
2.563205e-05 -6.711466e+01 
2.563205e-05 -6.709228e+01 
2.563205e-05 -6.707052e+01 
2.563205e-05 -6.702701e+01 
2.563205e-05 -6.694007e+01 
2.563205e-05 -6.676655e+01 
2.563205e-05 -6.642084e+01 
2.563205e-05 -6.573478e+01 
2.563205e-05 -6.438380e+01 
2.563205e-05 -6.176430e+01 
2.563205e-05 -5.932068e+01 
2.563205e-05 -5.702429e+01 
2.563205e-05 -5.466418e+01 
2.563205e-05 -5.248813e+01 
2.563205e-05 -5.032448e+01 
2.563205e-05 -4.831609e+01 
2.563205e-05 -4.633369e+01 
2.563205e-05 -4.447802e+01 
2.563205e-05 -4.265839e+01 
2.563205e-05 -4.094522e+01 
2.563205e-05 -3.927389e+01 
2.563205e-05 -3.769331e+01 
2.563205e-05 -3.615733e+01 
2.563205e-05 -3.469978e+01 
2.563205e-05 -3.328757e+01 
2.563205e-05 -3.194397e+01 
2.563205e-05 -3.064514e+01 
2.563205e-05 -2.940694e+01 
2.563205e-05 -2.821208e+01 
2.563205e-05 -2.707125e+01 
2.563205e-05 -2.597182e+01 
2.563205e-05 -2.492089e+01 
2.563205e-05 -2.390913e+01 
2.563205e-05 -2.294113e+01 
2.563205e-05 -2.200993e+01 
2.563205e-05 -2.111841e+01 
2.563205e-05 -2.026129e+01 
2.563205e-05 -1.944026e+01 
2.563205e-05 -1.865128e+01 
2.563205e-05 -1.789521e+01 
2.563205e-05 -1.716891e+01 
2.563205e-05 -1.647269e+01 
2.563205e-05 -1.580406e+01 
2.563205e-05 -1.516298e+01 
2.563205e-05 -1.454743e+01 
2.563205e-05 -1.395713e+01 
2.563205e-05 -1.339042e+01 
2.563205e-05 -1.284689e+01 
2.563205e-05 -1.232515e+01 
2.563205e-05 -1.182470e+01 
2.563205e-05 -1.134434e+01 
2.563205e-05 -1.088355e+01 
2.563205e-05 -1.044130e+01 
2.563205e-05 -1.001703e+01 
2.563205e-05 -9.609850e+00 
2.563205e-05 -9.219208e+00 
2.563205e-05 -8.844322e+00 
2.563205e-05 -8.484645e+00 
2.563205e-05 -8.139486e+00 
2.563205e-05 -7.808321e+00 
2.563205e-05 -7.490529e+00 
2.563205e-05 -7.185616e+00 
2.563205e-05 -6.893022e+00 
2.563205e-05 -6.612280e+00 
2.563205e-05 -6.342883e+00 
2.563205e-05 -6.084396e+00 
2.563205e-05 -5.836357e+00 
2.563205e-05 -5.598360e+00 
2.563205e-05 -5.369985e+00 
2.563205e-05 -5.150853e+00 
2.563205e-05 -4.940582e+00 
2.563205e-05 -4.738821e+00 
2.563205e-05 -4.545219e+00 
2.563205e-05 -4.359450e+00 
2.563205e-05 -4.181194e+00 
2.563205e-05 -4.010151e+00 
2.563205e-05 -3.846024e+00 
2.563205e-05 -3.688538e+00 
2.563205e-05 -3.537421e+00 
2.563205e-05 -3.392417e+00 
2.563205e-05 -3.253277e+00 
2.563205e-05 -3.119766e+00 
2.563205e-05 -2.991655e+00 
2.563205e-05 -2.868725e+00 
2.563205e-05 -2.750767e+00 
2.563205e-05 -2.637580e+00 
2.563205e-05 -2.528971e+00 
2.563205e-05 -2.424754e+00 
2.563205e-05 -2.324753e+00 
2.563205e-05 -2.228796e+00 
2.563205e-05 -2.136719e+00 
2.563205e-05 -2.048367e+00 
2.563205e-05 -1.963588e+00 
2.563205e-05 -1.882238e+00 
2.563205e-05 -1.804177e+00 
2.563205e-05 -1.729274e+00 
2.563205e-05 -1.657401e+00 
2.563205e-05 -1.588434e+00 
2.563205e-05 -1.522257e+00 
2.563205e-05 -1.458756e+00 
2.563205e-05 -1.397825e+00 
2.563205e-05 -1.339358e+00 
2.563205e-05 -1.283256e+00 
2.563205e-05 -1.229423e+00 
2.563205e-05 -1.177769e+00 
2.563205e-05 -1.128205e+00 
2.563205e-05 -1.080646e+00 
2.563205e-05 -1.035012e+00 
2.563205e-05 -9.912248e-01 
2.563205e-05 -9.492101e-01 
2.563205e-05 -9.088964e-01 
2.563205e-05 -8.702151e-01 
2.563205e-05 -8.331003e-01 
2.563205e-05 -7.974888e-01 
2.563205e-05 -7.633202e-01 
2.563205e-05 -7.305363e-01 
2.563205e-05 -6.990814e-01 
2.563205e-05 -6.689019e-01 
2.563205e-05 -6.399466e-01 
2.563205e-05 -6.121662e-01 
2.563205e-05 -5.855135e-01 
2.563205e-05 -5.599432e-01 
2.563205e-05 -5.354119e-01 
2.563205e-05 -5.118778e-01 
2.563205e-05 -4.893010e-01 
2.563205e-05 -4.676431e-01 
2.563205e-05 -4.468673e-01 
2.563205e-05 -4.269382e-01 
2.563205e-05 -4.078221e-01 
2.563205e-05 -3.894865e-01 
2.563205e-05 -3.719002e-01 
2.563205e-05 -3.550332e-01 
2.563205e-05 -3.388570e-01 
2.563205e-05 -3.233440e-01 
2.563205e-05 -3.084678e-01 
2.563205e-05 -2.942033e-01 
2.563205e-05 -2.805259e-01 
2.563205e-05 -2.674126e-01 
2.563205e-05 -2.548410e-01 
2.563205e-05 -2.427896e-01 
2.563205e-05 -2.312380e-01 
2.563205e-05 -2.201664e-01 
2.563205e-05 -2.095559e-01 
2.563205e-05 -1.993885e-01 
2.563205e-05 -1.896467e-01 
2.563205e-05 -1.803140e-01 
2.563205e-05 -1.713743e-01 
2.563205e-05 -1.627609e-01 
2.563205e-05 -1.544356e-01 
2.563205e-05 -1.464043e-01 
2.563205e-05 -1.386561e-01 
2.563205e-05 -1.311935e-01 
2.563205e-05 -1.240057e-01 
2.563205e-05 -1.170925e-01 
2.563205e-05 -1.104450e-01 
2.563205e-05 -1.040618e-01 
2.563205e-05 -9.793524e-02 
2.563205e-05 -9.206341e-02 
2.563205e-05 -8.643968e-02 
2.563205e-05 -8.106180e-02 
2.563205e-05 -7.592417e-02 
2.563205e-05 -7.102217e-02 
2.563205e-05 -6.634316e-02 
2.563205e-05 -6.188226e-02 
2.563205e-05 -5.763595e-02 
2.563205e-05 -5.359941e-02 
2.563205e-05 -4.976643e-02 
2.563205e-05 -4.613117e-02 
2.563205e-05 -4.268742e-02 
2.563205e-05 -3.942928e-02 
2.563205e-05 -3.635056e-02 
2.563205e-05 -3.344531e-02 
2.563205e-05 -3.070741e-02 
2.563205e-05 -2.813097e-02 
2.563205e-05 -2.571002e-02 
2.563205e-05 -2.343880e-02 
2.563205e-05 -2.131156e-02 
2.563205e-05 -1.932272e-02 
2.563205e-05 -1.746676e-02 
2.563205e-05 -1.573833e-02 
2.563205e-05 -1.413215e-02 
2.563205e-05 -1.264308e-02 
2.563205e-05 -1.126609e-02 
2.563205e-05 -9.996239e-03 
2.563205e-05 -8.828689e-03 
2.563205e-05 -7.758695e-03 
2.563205e-05 -6.781580e-03 
2.563205e-05 -5.892747e-03 
2.563205e-05 -5.087656e-03 
2.563205e-05 -4.361826e-03 
2.563205e-05 -3.710824e-03 
2.563205e-05 -3.130261e-03 
2.563205e-05 -2.615789e-03 
2.563205e-05 -2.163097e-03 
2.563205e-05 -1.767908e-03 
2.563205e-05 -1.425986e-03 
2.563205e-05 -1.133128e-03 
2.563205e-05 -8.851768e-04 
2.563205e-05 -6.780201e-04 
2.563205e-05 -5.076013e-04 
2.563205e-05 -3.699272e-04 
2.563205e-05 -2.610818e-04 
2.563205e-05 -1.772407e-04 
2.563205e-05 -1.146913e-04 
2.563205e-05 -6.985765e-05 
2.563205e-05 -3.933225e-05 
2.563205e-05 -1.991665e-05 
2.563205e-05 -8.673973e-06 
2.563205e-05 -2.995887e-06 
2.563205e-05 -6.856203e-07 
2.563205e-05 -5.227997e-08 
2.563205e-05 6.615362e-09 
2.563205e-05 -2.219240e-09 
2.563205e-05 1.698718e-09 
2.563205e-05 -1.017392e-09 
2.563205e-05 1.259686e-09 
2.563206e-05 -8.282630e-10 
2.563206e-05 1.171758e-09 
2.563207e-05 -7.858531e-10 
2.563209e-05 1.150929e-09 
2.563212e-05 -7.755311e-10 
2.563220e-05 1.145792e-09 
2.563234e-05 -7.729677e-10 
2.563264e-05 1.144512e-09 
2.563322e-05 -7.723275e-10 
2.563439e-05 1.144193e-09 
2.563672e-05 -7.721657e-10 
2.564139e-05 1.144117e-09 
2.565073e-05 -7.721181e-10 
2.566941e-05 1.144112e-09 
2.570677e-05 -7.720777e-10 
2.578149e-05 1.144168e-09 
2.593093e-05 -7.719543e-10 
2.622982e-05 1.144405e-09 
2.682758e-05 -7.714856e-10 
2.706214e-05 1.144829e-09 
2.729333e-05 -7.712521e-10 
2.759844e-05 1.145092e-09 
2.799183e-05 -7.709147e-10 
2.828861e-05 1.145417e-09 
2.863080e-05 -7.706183e-10 
2.900027e-05 1.145739e-09 
2.926198e-05 -7.703368e-10 
2.951399e-05 1.145962e-09 
2.976817e-05 -7.701180e-10 
3.002233e-05 1.146177e-09 
3.027718e-05 -7.699045e-10 
3.053457e-05 1.146387e-09 
3.079531e-05 -7.696936e-10 
3.105874e-05 1.146595e-09 
3.132394e-05 -7.694849e-10 
3.159075e-05 1.146800e-09 
3.185965e-05 -7.692798e-10 
3.213109e-05 1.147002e-09 
3.240509e-05 -7.690773e-10 
3.268136e-05 1.147201e-09 
3.295974e-05 -7.688778e-10 
3.324032e-05 1.147397e-09 
3.352328e-05 -7.686813e-10 
3.380870e-05 1.147590e-09 
3.409654e-05 -7.684877e-10 
3.438673e-05 1.147781e-09 
3.467928e-05 -7.682970e-10 
3.497425e-05 1.147968e-09 
3.527170e-05 -7.681093e-10 
3.557164e-05 1.148153e-09 
3.587407e-05 -7.679246e-10 
3.617899e-05 1.148334e-09 
3.648643e-05 -7.677427e-10 
3.679643e-05 1.148513e-09 
3.710901e-05 -7.675638e-10 
3.742417e-05 1.148689e-09 
3.774195e-05 -7.673878e-10 
3.806235e-05 1.148862e-09 
3.838540e-05 -7.672146e-10 
3.871112e-05 1.149032e-09 
3.903954e-05 -7.670444e-10 
3.937068e-05 1.149200e-09 
3.970455e-05 -7.668770e-10 
4.004117e-05 1.149364e-09 
4.038058e-05 -7.667124e-10 
4.072279e-05 1.149526e-09 
4.106782e-05 -7.665506e-10 
4.141569e-05 1.149685e-09 
4.176643e-05 -7.663916e-10 
4.212006e-05 1.149841e-09 
4.247660e-05 -7.662354e-10 
4.283608e-05 1.149994e-09 
4.319852e-05 -7.660819e-10 
4.356393e-05 1.150145e-09 
4.393235e-05 -7.659312e-10 
4.430379e-05 1.150293e-09 
4.467829e-05 -7.657831e-10 
4.505586e-05 1.150438e-09 
4.543653e-05 -7.656377e-10 
4.582032e-05 1.150581e-09 
4.620725e-05 -7.654948e-10 
4.659736e-05 1.150721e-09 
4.699066e-05 -7.653546e-10 
4.738718e-05 1.150859e-09 
4.778694e-05 -7.652169e-10 
4.818997e-05 1.150994e-09 
4.859630e-05 -7.650818e-10 
4.900595e-05 1.151127e-09 
4.941894e-05 -7.649491e-10 
5.000000e-05 1.151283e-09 
5.008260e-05 1.932187e-10 
5.024779e-05 1.932559e-10 
5.057819e-05 1.932940e-10 
5.123897e-05 1.934042e-10 
5.167368e-05 1.934547e-10 
5.210155e-05 1.935281e-10 
5.259813e-05 1.935851e-10 
5.308976e-05 1.936649e-10 
5.353184e-05 1.937120e-10 
5.395322e-05 1.937801e-10 
5.439098e-05 1.938246e-10 
5.485661e-05 1.938966e-10 
5.533423e-05 1.939441e-10 
5.580423e-05 1.940144e-10 
5.626563e-05 1.940579e-10 
5.672983e-05 1.941255e-10 
5.720485e-05 1.941687e-10 
5.768910e-05 1.942367e-10 
5.817619e-05 1.942792e-10 
5.866301e-05 1.943456e-10 
5.915173e-05 1.943864e-10 
5.964570e-05 1.944516e-10 
6.014583e-05 1.944918e-10 
6.065069e-05 1.945563e-10 
6.116308e-05 1.945958e-10 
6.168877e-05 1.946606e-10 
6.223640e-05 1.947017e-10 
6.281970e-05 1.947700e-10 
6.346611e-05 1.948183e-10 
6.426144e-05 1.949037e-10 
6.526144e-05 1.949802e-10 
6.626144e-05 1.950785e-10 
6.726144e-05 1.951495e-10 
6.826144e-05 1.952424e-10 
6.926144e-05 1.953083e-10 
7.026144e-05 1.953963e-10 
7.126144e-05 1.954575e-10 
7.226144e-05 1.955410e-10 
7.326144e-05 1.955979e-10 
7.426144e-05 1.956773e-10 
7.526144e-05 1.957302e-10 
7.626144e-05 1.958059e-10 
7.726144e-05 1.958552e-10 
7.826144e-05 1.959274e-10 
7.926144e-05 1.959734e-10 
8.026144e-05 1.960423e-10 
8.126144e-05 1.960852e-10 
8.226144e-05 1.961512e-10 
8.326144e-05 1.961913e-10 
8.426144e-05 1.962546e-10 
8.526144e-05 1.962919e-10 
8.626144e-05 1.963527e-10 
8.726144e-05 1.963876e-10 
8.826144e-05 1.964460e-10 
8.926144e-05 1.964787e-10 
9.026144e-05 1.965348e-10 
9.126144e-05 1.965654e-10 
9.226144e-05 1.966195e-10 
9.326144e-05 1.966481e-10 
9.426144e-05 1.967003e-10 
9.526144e-05 1.967270e-10 
9.626144e-05 1.967774e-10 
9.726144e-05 1.968024e-10 
9.826144e-05 1.968511e-10 
9.926144e-05 1.968745e-10 
9.927346e-05 1.968612e-10 
9.929748e-05 1.969146e-10 
9.934554e-05 1.968508e-10 
9.944165e-05 1.969197e-10 
9.963386e-05 1.968609e-10 
9.963692e-05 1.968513e-10 
9.964302e-05 1.969741e-10 
9.965524e-05 1.968143e-10 
9.967968e-05 1.969754e-10 
9.972855e-05 1.968168e-10 
9.982630e-05 1.969805e-10 
9.982785e-05 1.967275e-10 
9.983096e-05 1.971199e-10 
9.983717e-05 1.966815e-10 
9.984960e-05 1.971205e-10 
9.987445e-05 1.966828e-10 
9.992416e-05 1.971231e-10 
9.992495e-05 1.966166e-10 
9.992653e-05 1.972250e-10 
9.992969e-05 1.965828e-10 
9.993601e-05 1.972253e-10 
9.994865e-05 1.965835e-10 
9.997392e-05 1.972267e-10 
9.997432e-05 1.965658e-10 
9.997513e-05 1.972547e-10 
9.997673e-05 1.965566e-10 
9.997995e-05 1.972548e-10 
9.998637e-05 1.965569e-10 
9.999922e-05 1.972554e-10 
9.999943e-05 1.835042e-10 
9.999984e-05 2.168320e-10 
9.999984e-05 5.368554e-11 
9.999986e-05 4.008237e-10 
9.999988e-05 -5.959364e-12 
9.999993e-05 3.992485e-10 
9.999994e-05 -3.394955e-09 
9.999994e-05 5.284835e-09 
9.999994e-05 -4.688225e-09 
9.999995e-05 4.983701e-09 
9.999996e-05 -4.541465e-09 
9.999999e-05 4.911251e-09 
9.999999e-05 -6.019188e-09 
9.999999e-05 6.997054e-09 
9.999999e-05 -6.080280e-09 
9.999999e-05 6.227990e-09 
1.000000e-04 -5.714780e-09 
1.000000e-04 2.620230e-09 
1.000000e-04 -1.734375e-09 
1.000000e-04 1.024104e-07 
1.000000e-04 -1.553659e-08 
1.000000e-04 -1.024736e-08 
1.000000e-04 -4.235637e-09 
1.000000e-04 1.846338e-07 
1.000000e-04 -7.976422e-09 
1.000000e-04 -7.529963e-09 
1.000000e-04 -6.707890e-09 
1.000000e-04 -5.312371e-09 
1.000000e-04 1.938729e-07 
1.000000e-04 -7.049856e-09 
1.000000e-04 1.987833e-07 
1.000000e-04 -7.432759e-09 
1.000000e-04 -7.392561e-09 
1.000000e-04 -7.312248e-09 
1.000000e-04 1.986556e-07 
1.000000e-04 5.000000e-01 
1.000000e-04 5.000000e-01 
1.000000e-04 5.000000e-01 
1.000000e-04 5.000000e-01 
1.000000e-04 5.000000e-01 
1.000000e-04 5.000000e-01 
1.000000e-04 5.000000e-01 
1.000000e-04 5.000000e-01 
1.000000e-04 5.000000e-01 
1.000000e-04 5.000000e-01 
1.000000e-04 5.000000e-01 
1.000000e-04 5.000000e-01 
1.000000e-04 5.000000e-01 
1.000000e-04 5.000000e-01 
1.000000e-04 5.000000e-01 
1.000000e-04 4.999999e-01 
1.000000e-04 4.999999e-01 
1.000000e-04 4.999998e-01 
1.000000e-04 4.999997e-01 
1.000000e-04 4.999994e-01 
1.000000e-04 4.999988e-01 
1.000000e-04 4.999976e-01 
1.000000e-04 4.999953e-01 
1.000000e-04 4.999906e-01 
1.000001e-04 4.999813e-01 
1.000001e-04 4.999626e-01 
1.000003e-04 4.999251e-01 
1.000006e-04 4.998503e-01 
1.000012e-04 4.997007e-01 
1.000023e-04 4.994018e-01 
1.000047e-04 4.988053e-01 
1.000094e-04 4.976183e-01 
1.000188e-04 4.952777e-01 
1.000306e-04 4.924118e-01 
1.000430e-04 4.895513e-01 
1.000557e-04 4.867631e-01 
1.000686e-04 4.841066e-01 
1.000822e-04 4.815068e-01 
1.000964e-04 4.789832e-01 
1.001116e-04 4.764927e-01 
1.001278e-04 4.740568e-01 
1.001454e-04 4.716485e-01 
1.001642e-04 4.692849e-01 
1.001848e-04 4.669478e-01 
1.002071e-04 4.646507e-01 
1.002315e-04 4.623814e-01 
1.002581e-04 4.601507e-01 
1.002873e-04 4.579508e-01 
1.003193e-04 4.557909e-01 
1.003544e-04 4.536664e-01 
1.003929e-04 4.515854e-01 
1.004352e-04 4.495460e-01 
1.004817e-04 4.475556e-01 
1.005329e-04 4.456146e-01 
1.005892e-04 4.437301e-01 
1.006512e-04 4.419046e-01 
1.007194e-04 4.401454e-01 
1.007945e-04 4.384569e-01 
1.008772e-04 4.368470e-01 
1.009683e-04 4.353220e-01 
1.010686e-04 4.338908e-01 
1.011791e-04 4.325615e-01 
1.013007e-04 4.313447e-01 
1.014347e-04 4.302507e-01 
1.015822e-04 4.292918e-01 
1.017447e-04 4.284809e-01 
1.019236e-04 4.278327e-01 
1.021207e-04 4.273631e-01 
1.023377e-04 4.270897e-01 
1.025767e-04 4.270319e-01 
1.028400e-04 4.272113e-01 
1.031299e-04 4.276516e-01 
1.034493e-04 4.283787e-01 
1.038011e-04 4.294218e-01 
1.041886e-04 4.308126e-01 
1.046156e-04 4.325865e-01 
1.050861e-04 4.347827e-01 
1.056046e-04 4.374446e-01 
1.061761e-04 4.406201e-01 
1.068062e-04 4.443629e-01 
1.075011e-04 4.487322e-01 
1.082676e-04 4.537944e-01 
1.091135e-04 4.596231e-01 
1.100473e-04 4.663013e-01 
1.110473e-04 4.736854e-01 
1.120473e-04 4.812687e-01 
1.129015e-04 4.878794e-01 
1.136329e-04 4.936240e-01 
1.142765e-04 4.987352e-01 
1.148529e-04 5.033535e-01 
1.153752e-04 5.075690e-01 
1.159045e-04 5.118671e-01 
1.163823e-04 5.157689e-01 
1.168290e-04 5.194336e-01 
1.172360e-04 5.227858e-01 
1.176150e-04 5.259178e-01 
1.179670e-04 5.288345e-01 
1.182974e-04 5.315801e-01 
1.186082e-04 5.341679e-01 
1.189023e-04 5.366210e-01 
1.191812e-04 5.389514e-01 
1.194467e-04 5.411731e-01 
1.197000e-04 5.432957e-01 
1.199424e-04 5.453287e-01 
1.201748e-04 5.472796e-01 
1.203980e-04 5.491554e-01 
1.206128e-04 5.509620e-01 
1.208199e-04 5.527045e-01 
1.210199e-04 5.543878e-01 
1.212132e-04 5.560159e-01 
1.214003e-04 5.575926e-01 
1.215817e-04 5.591213e-01 
1.217577e-04 5.606049e-01 
1.219287e-04 5.620462e-01 
1.220949e-04 5.634477e-01 
1.222567e-04 5.648117e-01 
1.224143e-04 5.661403e-01 
1.225679e-04 5.674354e-01 
1.227178e-04 5.686987e-01 
1.228642e-04 5.699320e-01 
1.230072e-04 5.711366e-01 
1.231470e-04 5.723141e-01 
1.232837e-04 5.734656e-01 
1.234176e-04 5.745925e-01 
1.235487e-04 5.756957e-01 
1.236807e-04 5.768050e-01 
1.238119e-04 5.779085e-01 
1.239440e-04 5.790181e-01 
1.240756e-04 5.801227e-01 
1.242077e-04 5.812316e-01 
1.243395e-04 5.823367e-01 
1.244718e-04 5.834451e-01 
1.246038e-04 5.845505e-01 
1.247363e-04 5.856585e-01 
1.248686e-04 5.867643e-01 
1.250012e-04 5.878720e-01 
1.251338e-04 5.889781e-01 
1.252667e-04 5.900856e-01 
1.253997e-04 5.911919e-01 
1.255329e-04 5.922994e-01 
1.256661e-04 5.934059e-01 
1.257997e-04 5.945132e-01 
1.259333e-04 5.956199e-01 
1.260672e-04 5.967273e-01 
1.262013e-04 5.978342e-01 
1.263356e-04 5.989417e-01 
1.264701e-04 6.000488e-01 
1.266049e-04 6.011563e-01 
1.267399e-04 6.022636e-01 
1.268751e-04 6.033712e-01 
1.270107e-04 6.044787e-01 
1.271465e-04 6.055864e-01 
1.272826e-04 6.066941e-01 
1.274190e-04 6.078021e-01 
1.275557e-04 6.089100e-01 
1.276928e-04 6.100181e-01 
1.278302e-04 6.111262e-01 
1.279679e-04 6.122345e-01 
1.279696e-04 6.122476e-01 
1.279729e-04 6.122743e-01 
1.279795e-04 6.123274e-01 
1.279927e-04 6.124335e-01 
1.279929e-04 6.124351e-01 
1.279933e-04 6.124386e-01 
1.279942e-04 6.124453e-01 
1.279958e-04 6.124588e-01 
1.279992e-04 6.124857e-01 
1.279992e-04 6.124860e-01 
1.279993e-04 6.124870e-01 
1.279996e-04 6.124887e-01 
1.280000e-04 6.124921e-01 
1.280008e-04 6.124990e-01 
1.280025e-04 6.125127e-01 
1.280026e-04 6.125127e-01 
1.280026e-04 6.125133e-01 
1.280027e-04 6.125142e-01 
1.280029e-04 6.125159e-01 
1.280034e-04 6.125194e-01 
1.280034e-04 6.125193e-01 
1.280034e-04 6.125196e-01 
1.280034e-04 6.125198e-01 
1.280035e-04 6.125202e-01 
1.280036e-04 6.125211e-01 
1.280038e-04 6.125229e-01 
1.280038e-04 6.125228e-01 
1.280038e-04 6.125230e-01 
1.280038e-04 6.125231e-01 
1.280039e-04 6.125233e-01 
1.280039e-04 6.125232e-01 
1.280039e-04 6.125233e-01 
1.280039e-04 6.125233e-01 
1.280039e-04 6.125234e-01 
1.280039e-04 6.125234e-01 
1.280039e-04 6.125233e-01 
1.280039e-04 6.125234e-01 
1.280039e-04 6.125234e-01 
1.280039e-04 6.125234e-01 
1.280039e-04 6.125234e-01 
1.280039e-04 6.125235e-01 
1.280039e-04 6.125233e-01 
1.280039e-04 6.125235e-01 
1.280039e-04 6.125235e-01 
1.280039e-04 6.125235e-01 
1.280039e-04 6.125235e-01 
1.280039e-04 6.125235e-01 
1.280039e-04 6.125234e-01 
1.280039e-04 6.125235e-01 
1.280039e-04 6.125235e-01 
1.280039e-04 6.125235e-01 
1.280039e-04 6.125235e-01 
1.280039e-04 6.125235e-01 
1.280039e-04 6.125234e-01 
1.280039e-04 6.125235e-01 
1.280039e-04 6.125235e-01 
1.280039e-04 6.125235e-01 
1.280039e-04 6.125235e-01 
1.280039e-04 6.125234e-01 
1.280039e-04 6.125235e-01 
1.280039e-04 6.125235e-01 
1.280039e-04 6.125235e-01 
1.280039e-04 6.125235e-01 
1.280039e-04 6.125234e-01 
1.280039e-04 6.125235e-01 
1.280039e-04 6.125235e-01 
1.280039e-04 6.125235e-01 
1.280039e-04 6.125234e-01 
1.280039e-04 6.125235e-01 
1.280039e-04 6.125235e-01 
1.280039e-04 6.125235e-01 
1.280039e-04 6.125235e-01 
1.280039e-04 6.125234e-01 
1.280039e-04 6.125235e-01 
1.280039e-04 6.125235e-01 
1.280039e-04 6.125235e-01 
1.280039e-04 6.125234e-01 
1.280039e-04 6.125235e-01 
1.280039e-04 6.125234e-01 
1.280039e-04 6.125235e-01 
1.280039e-04 6.125234e-01 
1.280039e-04 6.125235e-01 
1.280039e-04 6.125234e-01 
1.280039e-04 6.125234e-01 
